   9.9000000e-03   2.1827873e-14
   1.9900000e-02   2.1827873e-14
   2.9900000e-02   8.9398823e+01
   3.9900000e-02   8.9398823e+01
   4.9900000e-02   4.6647040e+01
   5.9900000e-02   4.6647040e+01
   6.9900000e-02   2.0584573e+01
   7.9900000e-02   2.0584573e+01
   8.9900000e-02   8.8875282e+00
   9.9900000e-02   8.8875282e+00
   1.0990000e-01   3.4206658e+00
   1.1990000e-01   3.4206658e+00
   1.2990000e-01   9.7068001e-01
   1.3990000e-01   9.7068001e-01
   1.4990000e-01   2.5037654e+00
   1.5990000e-01   2.5037654e+00
   1.6990000e-01   3.7275928e+00
   1.7990000e-01   3.7275928e+00
   1.8990000e-01   4.6964052e+00
   1.9990000e-01   4.6964052e+00
   2.0990000e-01   5.2746643e+00
   2.1990000e-01   5.2746643e+00
   2.2990000e-01   5.8685713e+00
   2.3990000e-01   5.8685713e+00
   2.4990000e-01   6.2273053e+00
   2.5990000e-01   6.2273053e+00
   2.6990000e-01   6.5932800e+00
   2.7990000e-01   6.5932800e+00
   2.8990000e-01   6.7700294e+00
   2.9990000e-01   6.7700294e+00
   3.0990000e-01   7.0963938e+00
   3.1990000e-01   7.0963938e+00
   3.2990000e-01   7.1707668e+00
   3.3990000e-01   7.1707668e+00
   3.4990000e-01   7.4018865e+00
   3.5990000e-01   7.4018865e+00
   3.6990000e-01   7.3929830e+00
   3.7990000e-01   7.3929830e+00
   3.8990000e-01   7.5650298e+00
   3.9990000e-01   7.5650298e+00
   4.0990000e-01   7.6180623e+00
   4.1990000e-01   7.6180623e+00
   4.2990000e-01   7.6729004e+00
   4.3990000e-01   7.6729004e+00
   4.4990000e-01   7.7930645e+00
   4.5990000e-01   7.7930645e+00
   4.6990000e-01   7.9020044e+00
   4.7990000e-01   7.9020044e+00
   4.8990000e-01   7.8034829e+00
   4.9990000e-01   7.8034829e+00
   5.0990000e-01   7.8948250e+00
   5.1990000e-01   7.8948250e+00
   5.2990000e-01   7.9705167e+00
   5.3990000e-01   7.9705167e+00
   5.4990000e-01   8.0395075e+00
   5.5990000e-01   8.0395075e+00
   5.6990000e-01   7.9346515e+00
   5.7990000e-01   7.9346515e+00
   5.8990000e-01   8.0057000e+00
   5.9990000e-01   8.0057000e+00
   6.0990000e-01   8.0618183e+00
   6.1990000e-01   8.0618183e+00
   6.2990000e-01   8.2993659e+00
   6.3990000e-01   8.2993659e+00
   6.4990000e-01   8.1910012e+00
   6.5990000e-01   8.1910012e+00
   6.6990000e-01   8.0144879e+00
   6.7990000e-01   8.0144879e+00
   6.8990000e-01   7.8654886e+00
   6.9990000e-01   7.8654886e+00
   7.0990000e-01   7.8892100e+00
   7.1990000e-01   7.8892100e+00
   7.2990000e-01   6.9689733e+00
   7.3990000e-01   6.9689733e+00
   7.4990000e-01   1.0158460e+01
   7.5990000e-01   1.0158460e+01
   7.6990000e-01   7.4090909e+00
   7.7990000e-01   7.4090909e+00
   7.8990000e-01   7.1676800e+00
   7.9990000e-01   7.1676800e+00
   8.0990000e-01   7.1586668e+00
   8.1990000e-01   7.1586668e+00
   8.2990000e-01   7.4101992e+00
   8.3990000e-01   7.4101992e+00
   8.4990000e-01   7.2182771e+00
   8.5990000e-01   7.2182771e+00
   8.6990000e-01   7.0224151e+00
   8.7990000e-01   7.0224151e+00
   8.8990000e-01   9.4668391e+00
   8.9990000e-01   9.4668391e+00
   9.0990000e-01   7.1732376e+00
   9.1990000e-01   7.1732376e+00
   9.2990000e-01   6.0373638e+00
   9.3990000e-01   6.0373638e+00
   9.4990000e-01   6.0689382e+00
   9.5990000e-01   6.0689382e+00
   9.6990000e-01   6.0718725e+00
   9.7990000e-01   6.0718725e+00
   9.8990000e-01   6.1479705e+00
   9.9990000e-01   6.1479705e+00
   1.0099000e+00   6.1734411e+00
   1.0199000e+00   6.1734411e+00
   1.0299000e+00   7.9165417e+00
   1.0399000e+00   7.9165417e+00
   1.0499000e+00   6.2429478e+00
   1.0599000e+00   6.2429478e+00
   1.0699000e+00   6.2631235e+00
   1.0799000e+00   6.2631235e+00
   1.0899000e+00   6.2886015e+00
   1.0999000e+00   6.2886015e+00
   1.1099000e+00   6.3119143e+00
   1.1199000e+00   6.3119143e+00
   1.1299000e+00   6.3155660e+00
   1.1399000e+00   6.3155660e+00
   1.1499000e+00   6.3508623e+00
   1.1599000e+00   6.3508623e+00
   1.1699000e+00   6.3859899e+00
   1.1799000e+00   6.3859899e+00
   1.1899000e+00   7.0868963e+00
   1.1999000e+00   7.0868963e+00
   1.2099000e+00   6.0852002e+00
   1.2199000e+00   6.0852002e+00
   1.2299000e+00   6.3317544e+00
   1.2399000e+00   6.3317544e+00
   1.2499000e+00   6.2757235e+00
   1.2599000e+00   6.2757235e+00
   1.2699000e+00   6.1693800e+00
   1.2799000e+00   6.1693800e+00
   1.2899000e+00   6.2399406e+00
   1.2999000e+00   6.2399406e+00
   1.3099000e+00   6.2741699e+00
   1.3199000e+00   6.2741699e+00
   1.3299000e+00   5.6174282e+00
   1.3399000e+00   5.6174282e+00
   1.3499000e+00   5.6871587e+00
   1.3599000e+00   5.6871587e+00
   1.3699000e+00   5.9687098e+00
   1.3799000e+00   5.9687098e+00
   1.3899000e+00   5.7531756e+00
   1.3999000e+00   5.7531756e+00
   1.4099000e+00   5.7484869e+00
   1.4199000e+00   5.7484869e+00
   1.4299000e+00   3.6064115e+00
   1.4399000e+00   3.6064115e+00
   1.4499000e+00   3.1740422e+00
   1.4599000e+00   3.1740422e+00
   1.4699000e+00   2.9670185e+00
   1.4799000e+00   2.9670185e+00
   1.4899000e+00   3.1598031e+00
   1.4999000e+00   3.1598031e+00
   1.5099000e+00   3.1829300e+00
   1.5199000e+00   3.1829300e+00
   1.5299000e+00   1.7530981e+00
   1.5399000e+00   1.7530981e+00
   1.5499000e+00   1.7346646e+00
   1.5599000e+00   1.7346646e+00
   1.5699000e+00   1.7268486e+00
   1.5799000e+00   1.7268486e+00
   1.5899000e+00   1.7816946e+00
   1.5999000e+00   1.7816946e+00
   1.6099000e+00   1.7917677e+00
   1.6199000e+00   1.7917677e+00
   1.6299000e+00   1.6722084e+00
   1.6399000e+00   1.6722084e+00
   1.6499000e+00   1.7045701e+00
   1.6599000e+00   1.7045701e+00
   1.6699000e+00   1.7290422e+00
   1.6799000e+00   1.7290422e+00
   1.6899000e+00   3.7127882e+00
   1.6999000e+00   3.7127882e+00
   1.7099000e+00   6.9241356e+00
   1.7199000e+00   6.9241356e+00
   1.7299000e+00   1.5988631e+00
   1.7399000e+00   1.5988631e+00
   1.7499000e+00   1.6183870e+00
   1.7599000e+00   1.6183870e+00
   1.7699000e+00   1.6657653e+00
   1.7799000e+00   1.6657653e+00
   1.7899000e+00   1.6392923e+00
   1.7999000e+00   1.6392923e+00
   1.8099000e+00   1.6440445e+00
   1.8199000e+00   1.6440445e+00
   1.8299000e+00   1.2475744e+00
   1.8399000e+00   1.2475744e+00
   1.8499000e+00   1.4245826e+00
   1.8599000e+00   1.4245826e+00
   1.8699000e+00   1.8730745e+00
   1.8799000e+00   1.8730745e+00
   1.8899000e+00   1.4413290e+00
   1.8999000e+00   1.4413290e+00
   1.9099000e+00   3.3628620e+00
   1.9199000e+00   3.3628620e+00
   1.9299000e+00   1.8848607e+00
   1.9399000e+00   1.8848607e+00
   1.9499000e+00   2.0378627e+00
   1.9599000e+00   2.0378627e+00
   1.9699000e+00   2.1650123e+00
   1.9799000e+00   2.1650123e+00
   1.9899000e+00   2.0559159e+00
   1.9999000e+00   2.0559159e+00
   2.0099000e+00   2.0533221e+00
   2.0199000e+00   2.0533221e+00
   2.0299000e+00   9.6944221e-01
   2.0399000e+00   9.6944221e-01
   2.0499000e+00   1.1323985e+00
   2.0599000e+00   1.1323985e+00
   2.0699000e+00   1.2342897e+00
   2.0799000e+00   1.2342897e+00
   2.0899000e+00   1.1784174e+00
   2.0999000e+00   1.1784174e+00
   2.1099000e+00   1.1454968e+00
   2.1199000e+00   1.1454968e+00
   2.1299000e+00   6.1278209e-01
   2.1399000e+00   6.1278209e-01
   2.1499000e+00   5.5591057e-01
   2.1599000e+00   5.5591057e-01
   2.1699000e+00   5.4922681e-01
   2.1799000e+00   5.4922681e-01
   2.1899000e+00   5.7316220e-01
   2.1999000e+00   5.7316220e-01
   2.2099000e+00   5.3843392e-01
   2.2199000e+00   5.3843392e-01
   2.2299000e+00   5.3144217e-01
   2.2399000e+00   5.3144217e-01
   2.2499000e+00   5.4462236e-01
   2.2599000e+00   5.4462236e-01
   2.2699000e+00   5.4684787e-01
   2.2799000e+00   5.4684787e-01
   2.2899000e+00   5.5063426e-01
   2.2999000e+00   5.5063426e-01
   2.3099000e+00   5.4369725e-01
   2.3199000e+00   5.4369725e-01
   2.3299000e+00   5.1928929e-01
   2.3399000e+00   5.1928929e-01
   2.3499000e+00   5.3221697e-01
   2.3599000e+00   5.3221697e-01
   2.3699000e+00   5.3852872e-01
   2.3799000e+00   5.3852872e-01
   2.3899000e+00   5.3581039e-01
   2.3999000e+00   5.3581039e-01
   2.4099000e+00   5.3574550e-01
   2.4199000e+00   5.3574550e-01
   2.4299000e+00   5.3878122e-01
   2.4399000e+00   5.3878122e-01
   2.4499000e+00   5.2632589e-01
   2.4599000e+00   5.2632589e-01
   2.4699000e+00   4.8841522e-01
   2.4799000e+00   4.8841522e-01
   2.4899000e+00   5.1514633e-01
   2.4999000e+00   5.1514633e-01
   2.5099000e+00   5.1108329e-01
   2.5199000e+00   5.1108329e-01
   2.5299000e+00   2.9572298e-01
   2.5399000e+00   2.9572298e-01
   2.5499000e+00   2.9253689e-01
   2.5599000e+00   2.9253689e-01
   2.5699000e+00   3.1282585e-01
   2.5799000e+00   3.1282585e-01
   2.5899000e+00   2.9320687e-01
   2.5999000e+00   2.9320687e-01
   2.6099000e+00   2.8988776e-01
   2.6199000e+00   2.8988776e-01
   2.6299000e+00   2.9561746e-01
   2.6399000e+00   2.9561746e-01
   2.6499000e+00   2.9023859e-01
   2.6599000e+00   2.9023859e-01
   2.6699000e+00   2.7432359e-01
   2.6799000e+00   2.7432359e-01
   2.6899000e+00   2.9911877e-01
   2.6999000e+00   2.9911877e-01
   2.7099000e+00   2.9399060e-01
   2.7199000e+00   2.9399060e-01
   2.7299000e+00   2.2555105e-01
   2.7399000e+00   2.2555105e-01
   2.7499000e+00   2.2570895e-01
   2.7599000e+00   2.2570895e-01
   2.7699000e+00   2.3465498e-01
   2.7799000e+00   2.3465498e-01
   2.7899000e+00   2.3810008e-01
   2.7999000e+00   2.3810008e-01
   2.8099000e+00   2.3229327e-01
   2.8199000e+00   2.3229327e-01
   2.8299000e+00   2.4086323e-01
   2.8399000e+00   2.4086323e-01
   2.8499000e+00   2.3752710e-01
   2.8599000e+00   2.3752710e-01
   2.8699000e+00   2.3486610e-01
   2.8799000e+00   2.3486610e-01
   2.8899000e+00   2.4364219e-01
   2.8999000e+00   2.4364219e-01
   2.9099000e+00   2.4154834e-01
   2.9199000e+00   2.4154834e-01
   2.9299000e+00   2.3949298e-01
   2.9399000e+00   2.3949298e-01
   2.9499000e+00   2.5058080e-01
   2.9599000e+00   2.5058080e-01
   2.9699000e+00   2.5016816e-01
   2.9799000e+00   2.5016816e-01
   2.9899000e+00   2.5418864e-01
   2.9999000e+00   2.5418864e-01
   3.0099000e+00   2.5063173e-01
   3.0199000e+00   2.5063173e-01
   3.0299000e+00   2.5673238e-01
   3.0399000e+00   2.5673238e-01
   3.0499000e+00   2.5414470e-01
   3.0599000e+00   2.5414470e-01
   3.0699000e+00   2.4333626e-01
   3.0799000e+00   2.4333626e-01
   3.0899000e+00   2.5335794e-01
   3.0999000e+00   2.5335794e-01
   3.1099000e+00   2.6205335e-01
   3.1199000e+00   2.6205335e-01
   3.1299000e+00   1.2987110e-01
   3.1399000e+00   1.2987110e-01
   3.1499000e+00   1.3570683e-01
   3.1599000e+00   1.3570683e-01
   3.1699000e+00   1.3957908e-01
   3.1799000e+00   1.3957908e-01
   3.1899000e+00   1.3163013e-01
   3.1999000e+00   1.3163013e-01
   3.2099000e+00   1.3757836e-01
   3.2199000e+00   1.3757836e-01
   3.2299000e+00   4.6544818e-02
   3.2399000e+00   4.6544818e-02
   3.2499000e+00   5.9876184e-02
   3.2599000e+00   5.9876184e-02
   3.2699000e+00   5.4949447e-02
   3.2799000e+00   5.4949447e-02
   3.2899000e+00   6.2415931e-02
   3.2999000e+00   6.2415931e-02
   3.3099000e+00   6.0304342e-02
   3.3199000e+00   6.0304342e-02
   3.3299000e+00   6.3777072e-02
   3.3399000e+00   6.3777072e-02
   3.3499000e+00   5.6736518e-02
   3.3599000e+00   5.6736518e-02
   3.3699000e+00   8.5187134e-02
   3.3799000e+00   8.5187134e-02
   3.3899000e+00   5.7434638e-02
   3.3999000e+00   5.7434638e-02
   3.4099000e+00   5.7074262e-02
   3.4199000e+00   5.7074262e-02
   3.4299000e+00   5.3026073e-02
   3.4399000e+00   5.3026073e-02
   3.4499000e+00   6.1549362e-02
   3.4599000e+00   6.1549362e-02
   3.4699000e+00   5.5047180e-02
   3.4799000e+00   5.5047180e-02
   3.4899000e+00   5.9244655e-02
   3.4999000e+00   5.9244655e-02
   3.5099000e+00   6.3720506e-02
   3.5199000e+00   6.3720506e-02
   3.5299000e+00   5.5981203e-02
   3.5399000e+00   5.5981203e-02
   3.5499000e+00   5.5350100e-02
   3.5599000e+00   5.5350100e-02
   3.5699000e+00   5.5664106e-02
   3.5799000e+00   5.5664106e-02
   3.5899000e+00   6.0305084e-02
   3.5999000e+00   6.0305084e-02
   3.6099000e+00   5.5806164e-02
   3.6199000e+00   5.5806164e-02
   3.6299000e+00   5.3070507e-02
   3.6399000e+00   5.3070507e-02
   3.6499000e+00   5.6538211e-02
   3.6599000e+00   5.6538211e-02
   3.6699000e+00   7.1216723e-02
   3.6799000e+00   7.1216723e-02
   3.6899000e+00   5.4575970e-02
   3.6999000e+00   5.4575970e-02
   3.7099000e+00   5.5578196e-02
   3.7199000e+00   5.5578196e-02
   3.7299000e+00   6.5025151e-02
   3.7399000e+00   6.5025151e-02
   3.7499000e+00   5.2715651e-02
   3.7599000e+00   5.2715651e-02
   3.7699000e+00   5.7645873e-02
   3.7799000e+00   5.7645873e-02
   3.7899000e+00   7.1092995e-02
   3.7999000e+00   7.1092995e-02
   3.8099000e+00   6.0157719e-02
   3.8199000e+00   6.0157719e-02
   3.8299000e+00   5.3481416e-02
   3.8399000e+00   5.3481416e-02
   3.8499000e+00   5.8772608e-02
   3.8599000e+00   5.8772608e-02
   3.8699000e+00   6.4106995e-02
   3.8799000e+00   6.4106995e-02
   3.8899000e+00   5.5511750e-02
   3.8999000e+00   5.5511750e-02
   3.9099000e+00   6.7231162e-02
   3.9199000e+00   6.7231162e-02
   3.9299000e+00   4.5249420e-02
   3.9399000e+00   4.5249420e-02
   3.9499000e+00   6.1479760e-02
   3.9599000e+00   6.1479760e-02
   3.9699000e+00   1.2001980e-02
   3.9799000e+00   1.2001980e-02
   3.9899000e+00   1.4410629e-02
   3.9999000e+00   1.4410629e-02
   4.0099000e+00   1.7726062e-02
   4.0199000e+00   1.7726062e-02
   4.0299000e+00   2.5237394e-02
   4.0399000e+00   2.5237394e-02
   4.0499000e+00   4.7755102e-03
   4.0599000e+00   4.7755102e-03
   4.0699000e+00   1.1870816e-02
   4.0799000e+00   1.1870816e-02
   4.0899000e+00   3.9576251e-02
   4.0999000e+00   3.9576251e-02
   4.1099000e+00   3.0276252e-02
   4.1199000e+00   3.0276252e-02
   4.1299000e+00   4.6039297e-03
   4.1399000e+00   4.6039297e-03
   4.1499000e+00   5.5282055e-03
   4.1599000e+00   5.5282055e-03
   4.1699000e+00   8.9801043e-03
   4.1799000e+00   8.9801043e-03
   4.1899000e+00   2.0664950e-02
   4.1999000e+00   2.0664950e-02
   4.2099000e+00   1.1696997e-02
   4.2199000e+00   1.1696997e-02
   4.2299000e+00   3.1858231e-03
   4.2399000e+00   3.1858231e-03
   4.2499000e+00   1.5959070e-02
   4.2599000e+00   1.5959070e-02
   4.2699000e+00   5.9864828e-03
   4.2799000e+00   5.9864828e-03
   4.2899000e+00   2.7836432e-02
   4.2999000e+00   2.7836432e-02
   4.3099000e+00   1.0764951e-02
   4.3199000e+00   1.0764951e-02
   4.3299000e+00   8.3668704e-03
   4.3399000e+00   8.3668704e-03
   4.3499000e+00   1.2044677e-02
   4.3599000e+00   1.2044677e-02
   4.3699000e+00   4.5112658e-03
   4.3799000e+00   4.5112658e-03
   4.3899000e+00   2.3552215e-02
   4.3999000e+00   2.3552215e-02
   4.4099000e+00   2.7299299e-02
   4.4199000e+00   2.7299299e-02
   4.4299000e+00   3.3434384e-02
   4.4399000e+00   3.3434384e-02
   4.4499000e+00   4.3215429e-02
   4.4599000e+00   4.3215429e-02
   4.4699000e+00   1.3252787e-02
   4.4799000e+00   1.3252787e-02
   4.4899000e+00   1.3391854e-02
   4.4999000e+00   1.3391854e-02
   4.5099000e+00   2.0899107e-02
   4.5199000e+00   2.0899107e-02
   4.5299000e+00   1.3399109e-02
   4.5399000e+00   1.3399109e-02
   4.5499000e+00   5.2505087e-03
   4.5599000e+00   5.2505087e-03
   4.5699000e+00   8.9355400e-02
   4.5799000e+00   8.9355400e-02
   4.5899000e+00   3.4215922e-02
   4.5999000e+00   3.4215922e-02
   4.6099000e+00   1.4486479e-02
   4.6199000e+00   1.4486479e-02
   4.6299000e+00   6.1239514e-03
   4.6399000e+00   6.1239514e-03
   4.6499000e+00   2.8887301e-03
   4.6599000e+00   2.8887301e-03
   4.6699000e+00   2.5562697e-02
   4.6799000e+00   2.5562697e-02
   4.6899000e+00   3.1917760e-02
   4.6999000e+00   3.1917760e-02
   4.7099000e+00   9.0501284e-02
   4.7199000e+00   9.0501284e-02
   4.7299000e+00   7.9514742e-03
   4.7399000e+00   7.9514742e-03
   4.7499000e+00   2.0450269e-02
   4.7599000e+00   2.0450269e-02
   4.7699000e+00   6.9395717e-02
   4.7799000e+00   6.9395717e-02
   4.7899000e+00   1.7287408e-02
   4.7999000e+00   1.7287408e-02
   4.8099000e+00   4.4200799e-02
   4.8199000e+00   4.4200799e-02
   4.8299000e+00   4.0992125e-02
   4.8399000e+00   4.0992125e-02
   4.8499000e+00   4.9916799e-02
   4.8599000e+00   4.9916799e-02
   4.8699000e+00   3.8053957e-02
   4.8799000e+00   3.8053957e-02
   4.8899000e+00   4.2871390e-02
   4.8999000e+00   4.2871390e-02
   4.9099000e+00   6.9062234e-02
   4.9199000e+00   6.9062234e-02
   4.9299000e+00   1.3005816e-01
   4.9399000e+00   1.3005816e-01
   4.9499000e+00   3.0474603e-02
   4.9599000e+00   3.0474603e-02
   4.9699000e+00   7.1769223e-02
   4.9799000e+00   7.1769223e-02
   4.9899000e+00   1.2287832e-02
   4.9999000e+00   1.2287832e-02
   5.0099000e+00   3.1858096e-02
   5.0199000e+00   3.1858096e-02
   5.0299000e+00   4.7287730e-02
   5.0399000e+00   4.7287730e-02
   5.0499000e+00   6.0820471e-02
   5.0599000e+00   6.0820471e-02
   5.0699000e+00   1.5934791e-02
   5.0799000e+00   1.5934791e-02
   5.0899000e+00   2.6884829e-02
   5.0999000e+00   2.6884829e-02
   5.1099000e+00   4.7509322e-02
   5.1199000e+00   4.7509322e-02
   5.1299000e+00   5.8030782e-02
   5.1399000e+00   5.8030782e-02
   5.1499000e+00   5.5244337e-02
   5.1599000e+00   5.5244337e-02
   5.1699000e+00   5.9075094e-02
   5.1799000e+00   5.9075094e-02
   5.1899000e+00   4.5057249e-02
   5.1999000e+00   4.5057249e-02
   5.2099000e+00   4.9951006e-02
   5.2199000e+00   4.9951006e-02
   5.2299000e+00   6.5138227e-02
   5.2399000e+00   6.5138227e-02
   5.2499000e+00   6.2616133e-02
   5.2599000e+00   6.2616133e-02
   5.2699000e+00   6.2810584e-02
   5.2799000e+00   6.2810584e-02
   5.2899000e+00   2.9267689e-02
   5.2999000e+00   2.9267689e-02
   5.3099000e+00   3.2969384e-02
   5.3199000e+00   3.2969384e-02
   5.3299000e+00   7.2446548e-02
   5.3399000e+00   7.2446548e-02
   5.3499000e+00   5.4514687e-02
   5.3599000e+00   5.4514687e-02
   5.3699000e+00   5.2188083e-02
   5.3799000e+00   5.2188083e-02
   5.3899000e+00   3.1010792e-02
   5.3999000e+00   3.1010792e-02
   5.4099000e+00   4.9207720e-02
   5.4199000e+00   4.9207720e-02
   5.4299000e+00   1.9169778e-02
   5.4399000e+00   1.9169778e-02
   5.4499000e+00   4.8750332e-02
   5.4599000e+00   4.8750332e-02
   5.4699000e+00   5.6359051e-02
   5.4799000e+00   5.6359051e-02
   5.4899000e+00   2.4043941e-02
   5.4999000e+00   2.4043941e-02
   5.5099000e+00   6.6683069e-02
   5.5199000e+00   6.6683069e-02
   5.5299000e+00   4.4965528e-02
   5.5399000e+00   4.4965528e-02
   5.5499000e+00   3.0551782e-02
   5.5599000e+00   3.0551782e-02
   5.5699000e+00   3.7696030e-02
   5.5799000e+00   3.7696030e-02
   5.5899000e+00   3.9911941e-02
   5.5999000e+00   3.9911941e-02
   5.6099000e+00   1.7419955e-02
   5.6199000e+00   1.7419955e-02
   5.6299000e+00   3.3674934e-02
   5.6399000e+00   3.3674934e-02
   5.6499000e+00   5.3036197e-02
   5.6599000e+00   5.3036197e-02
   5.6699000e+00   3.2114961e-02
   5.6799000e+00   3.2114961e-02
   5.6899000e+00   3.2926465e-02
   5.6999000e+00   3.2926465e-02
   5.7099000e+00   3.8604509e-02
   5.7199000e+00   3.8604509e-02
   5.7299000e+00   9.6062965e-02
   5.7399000e+00   9.6062965e-02
   5.7499000e+00   2.0715723e-02
   5.7599000e+00   2.0715723e-02
   5.7699000e+00   5.4361879e-02
   5.7799000e+00   5.4361879e-02
   5.7899000e+00   4.2249576e-02
   5.7999000e+00   4.2249576e-02
   5.8099000e+00   1.8839968e-02
   5.8199000e+00   1.8839968e-02
   5.8299000e+00   5.4449043e-02
   5.8399000e+00   5.4449043e-02
   5.8499000e+00   4.4012781e-02
   5.8599000e+00   4.4012781e-02
   5.8699000e+00   3.6137091e-02
   5.8799000e+00   3.6137091e-02
   5.8899000e+00   6.9194608e-02
   5.8999000e+00   6.9194608e-02
   5.9099000e+00   5.6354543e-02
   5.9199000e+00   5.6354543e-02
   5.9299000e+00   3.9451510e-02
   5.9399000e+00   3.9451510e-02
   5.9499000e+00   3.5455060e-02
   5.9599000e+00   3.5455060e-02
   5.9699000e+00   4.1471860e-02
   5.9799000e+00   4.1471860e-02
   5.9899000e+00   9.8326413e-02
   5.9999000e+00   9.8326413e-02
   6.0099000e+00   2.4947746e-02
   6.0199000e+00   2.4947746e-02
   6.0299000e+00   4.6429922e-02
   6.0399000e+00   4.6429922e-02
   6.0499000e+00   4.7763927e-02
   6.0599000e+00   4.7763927e-02
   6.0699000e+00   5.1363626e-02
   6.0799000e+00   5.1363626e-02
   6.0899000e+00   4.0856762e-02
   6.0999000e+00   4.0856762e-02
   6.1099000e+00   3.2197049e-02
   6.1199000e+00   3.2197049e-02
   6.1299000e+00   4.3497627e-02
   6.1399000e+00   4.3497627e-02
   6.1499000e+00   4.3262215e-02
   6.1599000e+00   4.3262215e-02
   6.1699000e+00   3.8416416e-02
   6.1799000e+00   3.8416416e-02
   6.1899000e+00   4.3977619e-02
   6.1999000e+00   4.3977619e-02
   6.2099000e+00   4.3721168e-02
   6.2199000e+00   4.3721168e-02
   6.2299000e+00   6.6268174e-02
   6.2399000e+00   6.6268174e-02
   6.2499000e+00   6.3857576e-02
   6.2599000e+00   6.3857576e-02
   6.2699000e+00   8.7667305e-02
   6.2799000e+00   8.7667305e-02
   6.2899000e+00   7.9533850e-02
   6.2999000e+00   7.9533850e-02
   6.3099000e+00   8.1899291e-02
   6.3199000e+00   8.1899291e-02
   6.3299000e+00   1.6321014e-01
   6.3399000e+00   1.6321014e-01
   6.3499000e+00   3.8819037e-02
   6.3599000e+00   3.8819037e-02
   6.3699000e+00   7.2450828e-02
   6.3799000e+00   7.2450828e-02
   6.3899000e+00   5.3173178e-02
   6.3999000e+00   5.3173178e-02
   6.4099000e+00   2.9529039e-02
   6.4199000e+00   2.9529039e-02
   6.4299000e+00   5.2219923e-02
   6.4399000e+00   5.2219923e-02
   6.4499000e+00   7.9394487e-02
   6.4599000e+00   7.9394487e-02
   6.4699000e+00   5.3152230e-02
   6.4799000e+00   5.3152230e-02
   6.4899000e+00   7.3459528e-02
   6.4999000e+00   7.3459528e-02
   6.5099000e+00   3.8292896e-02
   6.5199000e+00   3.8292896e-02
   6.5299000e+00   9.3234335e-02
   6.5399000e+00   9.3234335e-02
   6.5499000e+00   2.7858838e-02
   6.5599000e+00   2.7858838e-02
   6.5699000e+00   7.5825443e-02
   6.5799000e+00   7.5825443e-02
   6.5899000e+00   2.3401401e-02
   6.5999000e+00   2.3401401e-02
   6.6099000e+00   6.8602871e-02
   6.6199000e+00   6.8602871e-02
   6.6299000e+00   4.9932834e-02
   6.6399000e+00   4.9932834e-02
   6.6499000e+00   7.5330697e-02
   6.6599000e+00   7.5330697e-02
   6.6699000e+00   7.4113830e-02
   6.6799000e+00   7.4113830e-02
   6.6899000e+00   4.7413458e-02
   6.6999000e+00   4.7413458e-02
   6.7099000e+00   7.7729892e-03
   6.7199000e+00   7.7729892e-03
   6.7299000e+00   1.1513909e-02
   6.7399000e+00   1.1513909e-02
   6.7499000e+00   3.2697536e-02
   6.7599000e+00   3.2697536e-02
   6.7699000e+00   4.3122399e-02
   6.7799000e+00   4.3122399e-02
   6.7899000e+00   3.7623318e-02
   6.7999000e+00   3.7623318e-02
   6.8099000e+00   5.7349243e-02
   6.8199000e+00   5.7349243e-02
   6.8299000e+00   3.7728814e-02
   6.8399000e+00   3.7728814e-02
   6.8499000e+00   3.0319043e-02
   6.8599000e+00   3.0319043e-02
   6.8699000e+00   6.9482244e-02
   6.8799000e+00   6.9482244e-02
   6.8899000e+00   3.8835443e-02
   6.8999000e+00   3.8835443e-02
   6.9099000e+00   7.6064888e-02
   6.9199000e+00   7.6064888e-02
   6.9299000e+00   2.9203528e-02
   6.9399000e+00   2.9203528e-02
   6.9499000e+00   3.0074863e-02
   6.9599000e+00   3.0074863e-02
   6.9699000e+00   3.5652561e-02
   6.9799000e+00   3.5652561e-02
   6.9899000e+00   2.5952358e-02
   6.9999000e+00   2.5952358e-02
   7.0099000e+00   2.4826413e-02
   7.0199000e+00   2.4826413e-02
   7.0299000e+00   1.0685717e-01
   7.0399000e+00   1.0685717e-01
   7.0499000e+00   2.2028504e-02
   7.0599000e+00   2.2028504e-02
   7.0699000e+00   2.1376197e-02
   7.0799000e+00   2.1376197e-02
   7.0899000e+00   1.3784680e-02
   7.0999000e+00   1.3784680e-02
   7.1099000e+00   5.1287361e-02
   7.1199000e+00   5.1287361e-02
   7.1299000e+00   3.0932537e-02
   7.1399000e+00   3.0932537e-02
   7.1499000e+00   6.4725974e-02
   7.1599000e+00   6.4725974e-02
   7.1699000e+00   3.1960641e-02
   7.1799000e+00   3.1960641e-02
   7.1899000e+00   6.9257212e-02
   7.1999000e+00   6.9257212e-02
   7.2099000e+00   3.1460495e-02
   7.2199000e+00   3.1460495e-02
   7.2299000e+00   2.3984491e-02
   7.2399000e+00   2.3984491e-02
   7.2499000e+00   3.6539230e-02
   7.2599000e+00   3.6539230e-02
   7.2699000e+00   8.7182987e-03
   7.2799000e+00   8.7182987e-03
   7.2899000e+00   6.3087866e-02
   7.2999000e+00   6.3087866e-02
   7.3099000e+00   1.7851544e-02
   7.3199000e+00   1.7851544e-02
   7.3299000e+00   3.7520253e-02
   7.3399000e+00   3.7520253e-02
   7.3499000e+00   1.9846043e-02
   7.3599000e+00   1.9846043e-02
   7.3699000e+00   1.6431852e-02
   7.3799000e+00   1.6431852e-02
   7.3899000e+00   4.6591847e-02
   7.3999000e+00   4.6591847e-02
   7.4099000e+00   1.0884424e-01
   7.4199000e+00   1.0884424e-01
   7.4299000e+00   1.6997449e-01
   7.4399000e+00   1.6997449e-01
   7.4499000e+00   5.0098546e-02
   7.4599000e+00   5.0098546e-02
   7.4699000e+00   8.9831787e-02
   7.4799000e+00   8.9831787e-02
   7.4899000e+00   8.7060216e-02
   7.4999000e+00   8.7060216e-02
   7.5099000e+00   6.2718532e-02
   7.5199000e+00   6.2718532e-02
   7.5299000e+00   9.9841859e-02
   7.5399000e+00   9.9841859e-02
   7.5499000e+00   2.7544499e-02
   7.5599000e+00   2.7544499e-02
   7.5699000e+00   5.4023679e-02
   7.5799000e+00   5.4023679e-02
   7.5899000e+00   9.0843956e-02
   7.5999000e+00   9.0843956e-02
   7.6099000e+00   1.0427160e-01
   7.6199000e+00   1.0427160e-01
   7.6299000e+00   5.2097107e-02
   7.6399000e+00   5.2097107e-02
   7.6499000e+00   7.2440642e-02
   7.6599000e+00   7.2440642e-02
   7.6699000e+00   4.4719312e-02
   7.6799000e+00   4.4719312e-02
   7.6899000e+00   3.7255266e-02
   7.6999000e+00   3.7255266e-02
   7.7099000e+00   4.9040032e-02
   7.7199000e+00   4.9040032e-02
   7.7299000e+00   3.6652399e-02
   7.7399000e+00   3.6652399e-02
   7.7499000e+00   7.6008339e-02
   7.7599000e+00   7.6008339e-02
   7.7699000e+00   5.8848074e-02
   7.7799000e+00   5.8848074e-02
   7.7899000e+00   4.4805398e-02
   7.7999000e+00   4.4805398e-02
   7.8099000e+00   4.0042495e-02
   7.8199000e+00   4.0042495e-02
   7.8299000e+00   4.7591736e-02
   7.8399000e+00   4.7591736e-02
   7.8499000e+00   5.9830161e-02
   7.8599000e+00   5.9830161e-02
   7.8699000e+00   5.8495020e-02
   7.8799000e+00   5.8495020e-02
   7.8899000e+00   1.0243988e-01
   7.8999000e+00   1.0243988e-01
   7.9099000e+00   8.2766034e-02
   7.9199000e+00   8.2766034e-02
   7.9299000e+00   1.0804717e-01
   7.9399000e+00   1.0804717e-01
   7.9499000e+00   3.8529429e-02
   7.9599000e+00   3.8529429e-02
   7.9699000e+00   4.5464161e-02
   7.9799000e+00   4.5464161e-02
   7.9899000e+00   3.3117752e-02
   7.9999000e+00   3.3117752e-02
   8.0099000e+00   9.0147859e-02
   8.0199000e+00   9.0147859e-02
   8.0299000e+00   4.9503547e-02
   8.0399000e+00   4.9503547e-02
   8.0499000e+00   4.8377062e-02
   8.0599000e+00   4.8377062e-02
   8.0699000e+00   4.8700725e-02
   8.0799000e+00   4.8700725e-02
   8.0899000e+00   4.7290102e-02
   8.0999000e+00   4.7290102e-02
   8.1099000e+00   4.8558284e-02
   8.1199000e+00   4.8558284e-02
   8.1299000e+00   8.2784549e-02
   8.1399000e+00   8.2784549e-02
   8.1499000e+00   8.1995507e-02
   8.1599000e+00   8.1995507e-02
   8.1699000e+00   1.1807951e-01
   8.1799000e+00   1.1807951e-01
   8.1899000e+00   4.1378990e-02
   8.1999000e+00   4.1378990e-02
   8.2099000e+00   5.0599261e-02
   8.2199000e+00   5.0599261e-02
   8.2299000e+00   8.7495937e-02
   8.2399000e+00   8.7495937e-02
   8.2499000e+00   9.2002281e-02
   8.2599000e+00   9.2002281e-02
   8.2699000e+00   3.2072175e-02
   8.2799000e+00   3.2072175e-02
   8.2899000e+00   4.3058989e-02
   8.2999000e+00   4.3058989e-02
   8.3099000e+00   4.1700888e-02
   8.3199000e+00   4.1700888e-02
   8.3299000e+00   4.9568103e-02
   8.3399000e+00   4.9568103e-02
   8.3499000e+00   4.6699241e-02
   8.3599000e+00   4.6699241e-02
   8.3699000e+00   1.1299837e-01
   8.3799000e+00   1.1299837e-01
   8.3899000e+00   5.3568395e-02
   8.3999000e+00   5.3568395e-02
   8.4099000e+00   5.0428289e-02
   8.4199000e+00   5.0428289e-02
   8.4299000e+00   3.6085554e-02
   8.4399000e+00   3.6085554e-02
   8.4499000e+00   9.2976918e-02
   8.4599000e+00   9.2976918e-02
   8.4699000e+00   4.2330178e-02
   8.4799000e+00   4.2330178e-02
   8.4899000e+00   8.9467764e-02
   8.4999000e+00   8.9467764e-02
   8.5099000e+00   4.0369174e-02
   8.5199000e+00   4.0369174e-02
   8.5299000e+00   1.2907680e-01
   8.5399000e+00   1.2907680e-01
   8.5499000e+00   6.6439793e-02
   8.5599000e+00   6.6439793e-02
   8.5699000e+00   1.1273547e-01
   8.5799000e+00   1.1273547e-01
   8.5899000e+00   2.6980707e-02
   8.5999000e+00   2.6980707e-02
   8.6099000e+00   3.1686307e-02
   8.6199000e+00   3.1686307e-02
   8.6299000e+00   3.8226601e-02
   8.6399000e+00   3.8226601e-02
   8.6499000e+00   3.8731835e-02
   8.6599000e+00   3.8731835e-02
   8.6699000e+00   4.8638234e-02
   8.6799000e+00   4.8638234e-02
   8.6899000e+00   7.0433999e-02
   8.6999000e+00   7.0433999e-02
   8.7099000e+00   6.7340428e-02
   8.7199000e+00   6.7340428e-02
   8.7299000e+00   7.4438168e-02
   8.7399000e+00   7.4438168e-02
   8.7499000e+00   2.1132653e-02
   8.7599000e+00   2.1132653e-02
   8.7699000e+00   5.3974235e-02
   8.7799000e+00   5.3974235e-02
   8.7899000e+00   7.5812022e-02
   8.7999000e+00   7.5812022e-02
   8.8099000e+00   1.3926731e-01
   8.8199000e+00   1.3926731e-01
   8.8299000e+00   6.9412370e-02
   8.8399000e+00   6.9412370e-02
   8.8499000e+00   6.6550812e-02
   8.8599000e+00   6.6550812e-02
   8.8699000e+00   4.2246513e-02
   8.8799000e+00   4.2246513e-02
   8.8899000e+00   4.3677996e-02
   8.8999000e+00   4.3677996e-02
   8.9099000e+00   7.4271744e-02
   8.9199000e+00   7.4271744e-02
   8.9299000e+00   3.3963826e-02
   8.9399000e+00   3.3963826e-02
   8.9499000e+00   8.1410311e-02
   8.9599000e+00   8.1410311e-02
   8.9699000e+00   1.3300274e-01
   8.9799000e+00   1.3300274e-01
   8.9899000e+00   1.4936870e-01
   8.9999000e+00   1.4936870e-01
   9.0099000e+00   1.3068631e-01
   9.0199000e+00   1.3068631e-01
   9.0299000e+00   1.3275518e-01
   9.0399000e+00   1.3275518e-01
   9.0499000e+00   6.9918356e-02
   9.0599000e+00   6.9918356e-02
   9.0699000e+00   1.3166918e-01
   9.0799000e+00   1.3166918e-01
   9.0899000e+00   1.4956733e-01
   9.0999000e+00   1.4956733e-01
   9.1099000e+00   5.8894758e-02
   9.1199000e+00   5.8894758e-02
   9.1299000e+00   1.2144360e-01
   9.1399000e+00   1.2144360e-01
   9.1499000e+00   7.7572973e-02
   9.1599000e+00   7.7572973e-02
   9.1699000e+00   6.5865042e-02
   9.1799000e+00   6.5865042e-02
   9.1899000e+00   1.6580561e-02
   9.1999000e+00   1.6580561e-02
   9.2099000e+00   4.6005604e-02
   9.2199000e+00   4.6005604e-02
   9.2299000e+00   1.7209619e-01
   9.2399000e+00   1.7209619e-01
   9.2499000e+00   1.7737447e-01
   9.2599000e+00   1.7737447e-01
   9.2699000e+00   1.7715926e-01
   9.2799000e+00   1.7715926e-01
   9.2899000e+00   1.6101664e-01
   9.2999000e+00   1.6101664e-01
   9.3099000e+00   1.7121972e-01
   9.3199000e+00   1.7121972e-01
   9.3299000e+00   1.7215195e-01
   9.3399000e+00   1.7215195e-01
   9.3499000e+00   1.5966041e-01
   9.3599000e+00   1.5966041e-01
   9.3699000e+00   1.8388367e-01
   9.3799000e+00   1.8388367e-01
   9.3899000e+00   1.6110427e-01
   9.3999000e+00   1.6110427e-01
   9.4099000e+00   2.0257811e-01
   9.4199000e+00   2.0257811e-01
   9.4299000e+00   1.7038690e-01
   9.4399000e+00   1.7038690e-01
   9.4499000e+00   1.4707758e-01
   9.4599000e+00   1.4707758e-01
   9.4699000e+00   1.6697998e-01
   9.4799000e+00   1.6697998e-01
   9.4899000e+00   1.7478047e-01
   9.4999000e+00   1.7478047e-01
   9.5099000e+00   1.5566036e-01
   9.5199000e+00   1.5566036e-01
   9.5299000e+00   1.5576139e-01
   9.5399000e+00   1.5576139e-01
   9.5499000e+00   6.8987155e-02
   9.5599000e+00   6.8987155e-02
   9.5699000e+00   2.0996655e-01
   9.5799000e+00   2.0996655e-01
   9.5899000e+00   1.6036155e-01
   9.5999000e+00   1.6036155e-01
   9.6099000e+00   1.6867837e-01
   9.6199000e+00   1.6867837e-01
   9.6299000e+00   1.6079488e-01
   9.6399000e+00   1.6079488e-01
   9.6499000e+00   2.4095400e-01
   9.6599000e+00   2.4095400e-01
   9.6699000e+00   1.5725586e-01
   9.6799000e+00   1.5725586e-01
   9.6899000e+00   1.8263940e-01
   9.6999000e+00   1.8263940e-01
   9.7099000e+00   1.6649422e-01
   9.7199000e+00   1.6649422e-01
   9.7299000e+00   2.0673453e-01
   9.7399000e+00   2.0673453e-01
   9.7499000e+00   2.1122484e-01
   9.7599000e+00   2.1122484e-01
   9.7699000e+00   2.1532104e-01
   9.7799000e+00   2.1532104e-01
   9.7899000e+00   1.8539057e-01
   9.7999000e+00   1.8539057e-01
   9.8099000e+00   1.8546795e-01
   9.8199000e+00   1.8546795e-01
   9.8299000e+00   7.3132737e-02
   9.8399000e+00   7.3132737e-02
   9.8499000e+00   1.2252699e-01
   9.8599000e+00   1.2252699e-01
   9.8699000e+00   6.5284101e-02
   9.8799000e+00   6.5284101e-02
   9.8899000e+00   7.6842926e-02
   9.8999000e+00   7.6842926e-02
   9.9099000e+00   1.0584008e-01
   9.9199000e+00   1.0584008e-01
   9.9299000e+00   1.2916462e-01
   9.9399000e+00   1.2916462e-01
   9.9499000e+00   1.0426742e-01
   9.9599000e+00   1.0426742e-01
   9.9699000e+00   9.1705180e-02
   9.9799000e+00   9.1705180e-02
   9.9899000e+00   7.9813433e-02
   9.9999000e+00   7.9813433e-02
   1.0009900e+01   1.2682752e-01
   1.0019900e+01   1.2682752e-01
   1.0029900e+01   6.2353991e-02
   1.0039900e+01   6.2353991e-02
   1.0049900e+01   1.3724511e-01
   1.0059900e+01   1.3724511e-01
   1.0069900e+01   1.3408916e-01
   1.0079900e+01   1.3408916e-01
   1.0089900e+01   7.0108045e-02
   1.0099900e+01   7.0108045e-02
   1.0109900e+01   2.8260910e-01
   1.0119900e+01   2.8260910e-01
   1.0129900e+01   1.0315225e-01
   1.0139900e+01   1.0315225e-01
   1.0149900e+01   1.2117914e-01
   1.0159900e+01   1.2117914e-01
   1.0169900e+01   1.4299453e-01
   1.0179900e+01   1.4299453e-01
   1.0189900e+01   1.1422742e-01
   1.0199900e+01   1.1422742e-01
   1.0209900e+01   1.6579712e-01
   1.0219900e+01   1.6579712e-01
   1.0229900e+01   1.2596672e-01
   1.0239900e+01   1.2596672e-01
   1.0249900e+01   1.1900522e-01
   1.0259900e+01   1.1900522e-01
   1.0269900e+01   7.5432642e-02
   1.0279900e+01   7.5432642e-02
   1.0289900e+01   1.0526326e-01
   1.0299900e+01   1.0526326e-01
   1.0309900e+01   1.3299912e-01
   1.0319900e+01   1.3299912e-01
   1.0329900e+01   3.3091184e-01
   1.0339900e+01   3.3091184e-01
   1.0349900e+01   4.4721041e-01
   1.0359900e+01   4.4721041e-01
   1.0369900e+01   3.8704431e-01
   1.0379900e+01   3.8704431e-01
   1.0389900e+01   5.6597318e-01
   1.0399900e+01   5.6597318e-01
   1.0409900e+01   3.9189861e-01
   1.0419900e+01   3.9189861e-01
   1.0429900e+01   3.9644073e-01
   1.0439900e+01   3.9644073e-01
   1.0449900e+01   4.2092775e-01
   1.0459900e+01   4.2092775e-01
   1.0469900e+01   3.7520721e-01
   1.0479900e+01   3.7520721e-01
   1.0489900e+01   4.0446963e-01
   1.0499900e+01   4.0446963e-01
   1.0509900e+01   4.0628431e-01
   1.0519900e+01   4.0628431e-01
   1.0529900e+01   3.8110065e-01
   1.0539900e+01   3.8110065e-01
   1.0549900e+01   4.0330378e-01
   1.0559900e+01   4.0330378e-01
   1.0569900e+01   3.5776898e-01
   1.0579900e+01   3.5776898e-01
   1.0589900e+01   3.5629443e-01
   1.0599900e+01   3.5629443e-01
   1.0609900e+01   3.8852447e-01
   1.0619900e+01   3.8852447e-01
   1.0629900e+01   3.9759722e-01
   1.0639900e+01   3.9759722e-01
   1.0649900e+01   4.1102152e-01
   1.0659900e+01   4.1102152e-01
   1.0669900e+01   4.0981275e-01
   1.0679900e+01   4.0981275e-01
   1.0689900e+01   3.7621510e-01
   1.0699900e+01   3.7621510e-01
   1.0709900e+01   3.9809461e-01
   1.0719900e+01   3.9809461e-01
   1.0729900e+01   4.4412010e-01
   1.0739900e+01   4.4412010e-01
   1.0749900e+01   3.4728433e-01
   1.0759900e+01   3.4728433e-01
   1.0769900e+01   3.5782607e-01
   1.0779900e+01   3.5782607e-01
   1.0789900e+01   4.0991694e-01
   1.0799900e+01   4.0991694e-01
   1.0809900e+01   3.8378484e-01
   1.0819900e+01   3.8378484e-01
   1.0829900e+01   4.0494480e-01
   1.0839900e+01   4.0494480e-01
   1.0849900e+01   4.1521398e-01
   1.0859900e+01   4.1521398e-01
   1.0869900e+01   3.8989199e-01
   1.0879900e+01   3.8989199e-01
   1.0889900e+01   4.0251495e-01
   1.0899900e+01   4.0251495e-01
   1.0909900e+01   3.5360472e-01
   1.0919900e+01   3.5360472e-01
   1.0929900e+01   4.1506813e-01
   1.0939900e+01   4.1506813e-01
   1.0949900e+01   3.6974261e-01
   1.0959900e+01   3.6974261e-01
   1.0969900e+01   3.8972753e-01
   1.0979900e+01   3.8972753e-01
   1.0989900e+01   3.7547966e-01
   1.0999900e+01   3.7547966e-01
   1.1009900e+01   3.8892213e-01
   1.1019900e+01   3.8892213e-01
   1.1029900e+01   4.1077903e-01
   1.1039900e+01   4.1077903e-01
   1.1049900e+01   3.9403744e-01
   1.1059900e+01   3.9403744e-01
   1.1069900e+01   3.4974332e-01
   1.1079900e+01   3.4974332e-01
   1.1089900e+01   3.9022616e-01
   1.1099900e+01   3.9022616e-01
   1.1109900e+01   3.9958547e-01
   1.1119900e+01   3.9958547e-01
   1.1129900e+01   7.2075721e-01
   1.1139900e+01   7.2075721e-01
   1.1149900e+01   7.9334002e-01
   1.1159900e+01   7.9334002e-01
   1.1169900e+01   7.7079259e-01
   1.1179900e+01   7.7079259e-01
   1.1189900e+01   7.6897457e-01
   1.1199900e+01   7.6897457e-01
   1.1209900e+01   7.6830678e-01
   1.1219900e+01   7.6830678e-01
   1.1229900e+01   7.5718840e-01
   1.1239900e+01   7.5718840e-01
   1.1249900e+01   7.4139113e-01
   1.1259900e+01   7.4139113e-01
   1.1269900e+01   8.5950624e-01
   1.1279900e+01   8.5950624e-01
   1.1289900e+01   7.8163560e-01
   1.1299900e+01   7.8163560e-01
   1.1309900e+01   7.0891079e-01
   1.1319900e+01   7.0891079e-01
   1.1329900e+01   7.7549769e-01
   1.1339900e+01   7.7549769e-01
   1.1349900e+01   7.6267900e-01
   1.1359900e+01   7.6267900e-01
   1.1369900e+01   7.2474630e-01
   1.1379900e+01   7.2474630e-01
   1.1389900e+01   7.6590053e-01
   1.1399900e+01   7.6590053e-01
   1.1409900e+01   7.7043757e-01
   1.1419900e+01   7.7043757e-01
   1.1429900e+01   7.6124803e-01
   1.1439900e+01   7.6124803e-01
   1.1449900e+01   7.8626448e-01
   1.1459900e+01   7.8626448e-01
   1.1469900e+01   7.4636488e-01
   1.1479900e+01   7.4636488e-01
   1.1489900e+01   6.9069151e-01
   1.1499900e+01   6.9069151e-01
   1.1509900e+01   7.3034787e-01
   1.1519900e+01   7.3034787e-01
   1.1529900e+01   7.5043835e-01
   1.1539900e+01   7.5043835e-01
   1.1549900e+01   7.4908662e-01
   1.1559900e+01   7.4908662e-01
   1.1569900e+01   7.2119276e-01
   1.1579900e+01   7.2119276e-01
   1.1589900e+01   7.4443537e-01
   1.1599900e+01   7.4443537e-01
   1.1609900e+01   7.4642634e-01
   1.1619900e+01   7.4642634e-01
   1.1629900e+01   9.7852805e-01
   1.1639900e+01   9.7852805e-01
   1.1649900e+01   1.0582650e+00
   1.1659900e+01   1.0582650e+00
   1.1669900e+01   1.0622885e+00
   1.1679900e+01   1.0622885e+00
   1.1689900e+01   1.0652851e+00
   1.1699900e+01   1.0652851e+00
   1.1709900e+01   1.0725584e+00
   1.1719900e+01   1.0725584e+00
   1.1729900e+01   1.9670054e+00
   1.1739900e+01   1.9670054e+00
   1.1749900e+01   2.0416626e+00
   1.1759900e+01   2.0416626e+00
   1.1769900e+01   2.0264989e+00
   1.1779900e+01   2.0264989e+00
   1.1789900e+01   2.0326867e+00
   1.1799900e+01   2.0326867e+00
   1.1809900e+01   2.0297441e+00
   1.1819900e+01   2.0297441e+00
   1.1829900e+01   2.0211399e+00
   1.1839900e+01   2.0211399e+00
   1.1849900e+01   2.0571919e+00
   1.1859900e+01   2.0571919e+00
   1.1869900e+01   1.9645160e+00
   1.1879900e+01   1.9645160e+00
   1.1889900e+01   2.0188884e+00
   1.1899900e+01   2.0188884e+00
   1.1909900e+01   1.8452645e+00
   1.1919900e+01   1.8452645e+00
   1.1929900e+01   2.0345966e+00
   1.1939900e+01   2.0345966e+00
   1.1949900e+01   2.0214591e+00
   1.1959900e+01   2.0214591e+00
   1.1969900e+01   3.7676893e+00
   1.1979900e+01   3.7676893e+00
   1.1989900e+01   2.6464382e+00
   1.1999900e+01   2.6464382e+00
   1.2009900e+01   2.9230550e+00
   1.2019900e+01   2.9230550e+00
   1.2029900e+01   2.0666866e+00
   1.2039900e+01   2.0666866e+00
   1.2049900e+01   3.8089075e+00
   1.2059900e+01   3.8089075e+00
   1.2069900e+01   2.3110889e+00
   1.2079900e+01   2.3110889e+00
   1.2089900e+01   2.2260951e+00
   1.2099900e+01   2.2260951e+00
   1.2109900e+01   3.5557855e+00
   1.2119900e+01   3.5557855e+00
   1.2129900e+01   1.9241655e+00
   1.2139900e+01   1.9241655e+00
   1.2149900e+01   3.5906613e+00
   1.2159900e+01   3.5906613e+00
   1.2169900e+01   2.1831417e+00
   1.2179900e+01   2.1831417e+00
   1.2189900e+01   2.8019735e+00
   1.2199900e+01   2.8019735e+00
   1.2209900e+01   2.1101865e+00
   1.2219900e+01   2.1101865e+00
   1.2229900e+01   2.2109545e+00
   1.2239900e+01   2.2109545e+00
   1.2249900e+01   2.7107297e+00
   1.2259900e+01   2.7107297e+00
   1.2269900e+01   1.3448101e+00
   1.2279900e+01   1.3448101e+00
   1.2289900e+01   2.1939822e+00
   1.2299900e+01   2.1939822e+00
   1.2309900e+01   2.2034076e+00
   1.2319900e+01   2.2034076e+00
   1.2329900e+01   2.4693693e+00
   1.2339900e+01   2.4693693e+00
   1.2349900e+01   2.0430207e+00
   1.2359900e+01   2.0430207e+00
   1.2369900e+01   2.0220699e+00
   1.2379900e+01   2.0220699e+00
   1.2389900e+01   2.0683691e+00
   1.2399900e+01   2.0683691e+00
   1.2409900e+01   2.0445613e+00
   1.2419900e+01   2.0445613e+00
   1.2429900e+01   1.9850980e+00
   1.2439900e+01   1.9850980e+00
   1.2449900e+01   1.8898269e+00
   1.2459900e+01   1.8898269e+00
   1.2469900e+01   1.5269249e+00
   1.2479900e+01   1.5269249e+00
   1.2489900e+01   1.9444408e+00
   1.2499900e+01   1.9444408e+00
   1.2509900e+01   1.9758553e+00
   1.2519900e+01   1.9758553e+00
   1.2529900e+01   1.9727170e+00
   1.2539900e+01   1.9727170e+00
   1.2549900e+01   1.9464442e+00
   1.2559900e+01   1.9464442e+00
   1.2569900e+01   1.9316230e+00
   1.2579900e+01   1.9316230e+00
   1.2589900e+01   1.9419428e+00
   1.2599900e+01   1.9419428e+00
   1.2609900e+01   1.9381988e+00
   1.2619900e+01   1.9381988e+00
   1.2629900e+01   1.9538209e+00
   1.2639900e+01   1.9538209e+00
   1.2649900e+01   1.9526376e+00
   1.2659900e+01   1.9526376e+00
   1.2669900e+01   1.9579305e+00
   1.2679900e+01   1.9579305e+00
   1.2689900e+01   1.9539872e+00
   1.2699900e+01   1.9539872e+00
   1.2709900e+01   1.9557211e+00
   1.2719900e+01   1.9557211e+00
   1.2729900e+01   1.8819607e+00
   1.2739900e+01   1.8819607e+00
   1.2749900e+01   1.9377285e+00
   1.2759900e+01   1.9377285e+00
   1.2769900e+01   2.0430976e+00
   1.2779900e+01   2.0430976e+00
   1.2789900e+01   1.9756740e+00
   1.2799900e+01   1.9756740e+00
   1.2809900e+01   1.9636572e+00
   1.2819900e+01   1.9636572e+00
   1.2829900e+01   2.7552663e+00
   1.2839900e+01   2.7552663e+00
   1.2849900e+01   2.9128883e+00
   1.2859900e+01   2.9128883e+00
   1.2869900e+01   2.9236589e+00
   1.2879900e+01   2.9236589e+00
   1.2889900e+01   2.9700683e+00
   1.2899900e+01   2.9700683e+00
   1.2909900e+01   3.2421328e+00
   1.2919900e+01   3.2421328e+00
   1.2929900e+01   3.9487991e+00
   1.2939900e+01   3.9487991e+00
   1.2949900e+01   4.5182788e+00
   1.2959900e+01   4.5182788e+00
   1.2969900e+01   4.5155552e+00
   1.2979900e+01   4.5155552e+00
   1.2989900e+01   4.5136324e+00
   1.2999900e+01   4.5136324e+00
   1.3009900e+01   4.5116569e+00
   1.3019900e+01   4.5116569e+00
   1.3029900e+01   4.5964991e+00
   1.3039900e+01   4.5964991e+00
   1.3049900e+01   4.5251188e+00
   1.3059900e+01   4.5251188e+00
   1.3069900e+01   4.4706335e+00
   1.3079900e+01   4.4706335e+00
   1.3089900e+01   4.5305931e+00
   1.3099900e+01   4.5305931e+00
   1.3109900e+01   4.4942935e+00
   1.3119900e+01   4.4942935e+00
   1.3129900e+01   4.1789234e+00
   1.3139900e+01   4.1789234e+00
   1.3149900e+01   4.2142356e+00
   1.3159900e+01   4.2142356e+00
   1.3169900e+01   4.2155188e+00
   1.3179900e+01   4.2155188e+00
   1.3189900e+01   4.1981543e+00
   1.3199900e+01   4.1981543e+00
   1.3209900e+01   4.1942428e+00
   1.3219900e+01   4.1942428e+00
   1.3229900e+01   4.0719104e+00
   1.3239900e+01   4.0719104e+00
   1.3249900e+01   4.0770852e+00
   1.3259900e+01   4.0770852e+00
   1.3269900e+01   4.4259411e+00
   1.3279900e+01   4.4259411e+00
   1.3289900e+01   4.1751952e+00
   1.3299900e+01   4.1751952e+00
   1.3309900e+01   4.5033667e+00
   1.3319900e+01   4.5033667e+00
   1.3329900e+01   7.1516839e+00
   1.3339900e+01   7.1516839e+00
   1.3349900e+01   8.4026443e+00
   1.3359900e+01   8.4026443e+00
   1.3369900e+01   8.3813020e+00
   1.3379900e+01   8.3813020e+00
   1.3389900e+01   8.4278544e+00
   1.3399900e+01   8.4278544e+00
   1.3409900e+01   8.3556031e+00
   1.3419900e+01   8.3556031e+00
   1.3429900e+01   8.5252165e+00
   1.3439900e+01   8.5252165e+00
   1.3449900e+01   8.4431484e+00
   1.3459900e+01   8.4431484e+00
   1.3469900e+01   8.2617176e+00
   1.3479900e+01   8.2617176e+00
   1.3489900e+01   8.4514805e+00
   1.3499900e+01   8.4514805e+00
   1.3509900e+01   8.4278074e+00
   1.3519900e+01   8.4278074e+00
   1.3529900e+01   2.0812135e+01
   1.3539900e+01   2.0812135e+01
   1.3549900e+01   2.3235250e+01
   1.3559900e+01   2.3235250e+01
   1.3569900e+01   2.3251593e+01
   1.3579900e+01   2.3251593e+01
   1.3589900e+01   2.3335209e+01
   1.3599900e+01   2.3335209e+01
   1.3609900e+01   2.3367579e+01
   1.3619900e+01   2.3367579e+01
   1.3629900e+01   2.3403848e+01
   1.3639900e+01   2.3403848e+01
   1.3649900e+01   2.3536040e+01
   1.3659900e+01   2.3536040e+01
   1.3669900e+01   2.3858494e+01
   1.3679900e+01   2.3858494e+01
   1.3689900e+01   2.3421742e+01
   1.3699900e+01   2.3421742e+01
   1.3709900e+01   2.3479292e+01
   1.3719900e+01   2.3479292e+01
   1.3729900e+01   2.1514113e+01
   1.3739900e+01   2.1514113e+01
   1.3749900e+01   2.3239659e+01
   1.3759900e+01   2.3239659e+01
   1.3769900e+01   2.2174905e+01
   1.3779900e+01   2.2174905e+01
   1.3789900e+01   2.1855463e+01
   1.3799900e+01   2.1855463e+01
   1.3809900e+01   2.2054756e+01
   1.3819900e+01   2.2054756e+01
   1.3829900e+01   2.2856739e+01
   1.3839900e+01   2.2856739e+01
   1.3849900e+01   2.2200956e+01
   1.3859900e+01   2.2200956e+01
   1.3869900e+01   2.1377752e+01
   1.3879900e+01   2.1377752e+01
   1.3889900e+01   2.1314342e+01
   1.3899900e+01   2.1314342e+01
   1.3909900e+01   2.1459100e+01
   1.3919900e+01   2.1459100e+01
   1.3929900e+01   3.0184308e+01
   1.3939900e+01   3.0184308e+01
   1.3949900e+01   3.9013420e+01
   1.3959900e+01   3.9013420e+01
   1.3969900e+01   3.9897634e+01
   1.3979900e+01   3.9897634e+01
   1.3989900e+01   4.0083712e+01
   1.3999900e+01   4.0083712e+01
   1.4009900e+01   4.0076497e+01
   1.4019900e+01   4.0076497e+01
   1.4029900e+01   1.0155676e+02
   1.4039900e+01   1.0155676e+02
   1.4049900e+01   1.0624484e+02
   1.4059900e+01   1.0624484e+02
   1.4069900e+01   1.0675550e+02
   1.4079900e+01   1.0675550e+02
   1.4089900e+01   1.0618533e+02
   1.4099900e+01   1.0618533e+02
   1.4109900e+01   1.0631348e+02
   1.4119900e+01   1.0631348e+02
   1.4129900e+01   1.0982620e+02
   1.4139900e+01   1.0982620e+02
   1.4149900e+01   1.2860124e+02
   1.4159900e+01   1.2860124e+02
   1.4169900e+01   9.3219587e+01
   1.4179900e+01   9.3219587e+01
   1.4189900e+01   1.3709712e+02
   1.4199900e+01   1.3709712e+02
   1.4209900e+01   1.3285184e+02
   1.4219900e+01   1.3285184e+02
   1.4229900e+01   1.1720378e+02
   1.4239900e+01   1.1720378e+02
   1.4249900e+01   1.3686810e+02
   1.4259900e+01   1.3686810e+02
   1.4269900e+01   1.5303254e+02
   1.4279900e+01   1.5303254e+02
   1.4289900e+01   1.3084293e+02
   1.4299900e+01   1.3084293e+02
   1.4309900e+01   1.3404873e+02
   1.4319900e+01   1.3404873e+02
   1.4329900e+01   7.9843933e+01
   1.4339900e+01   7.9843933e+01
   1.4349900e+01   9.1453558e+01
   1.4359900e+01   9.1453558e+01
   1.4369900e+01   1.3299133e+02
   1.4379900e+01   1.3299133e+02
   1.4389900e+01   8.2696067e+01
   1.4399900e+01   8.2696067e+01
   1.4409900e+01   8.5899697e+01
   1.4419900e+01   8.5899697e+01
   1.4429900e+01   1.3784366e+02
   1.4439900e+01   1.3784366e+02
   1.4449900e+01   1.5422895e+02
   1.4459900e+01   1.5422895e+02
   1.4469900e+01   1.6259292e+02
   1.4479900e+01   1.6259292e+02
   1.4489900e+01   1.5434008e+02
   1.4499900e+01   1.5434008e+02
   1.4509900e+01   1.5217635e+02
   1.4519900e+01   1.5217635e+02
   1.4529900e+01   8.5079558e+02
   1.4539900e+01   8.5079558e+02
   1.4549900e+01   9.6221453e+02
   1.4559900e+01   9.6221453e+02
   1.4569900e+01   9.6099119e+02
   1.4579900e+01   9.6099119e+02
   1.4589900e+01   9.8698962e+02
   1.4599900e+01   9.8698962e+02
   1.4609900e+01   1.0011591e+03
   1.4619900e+01   1.0011591e+03
   1.4629900e+01   1.0282817e+03
   1.4639900e+01   1.0282817e+03
   1.4649900e+01   1.0218113e+03
   1.4659900e+01   1.0218113e+03
   1.4669900e+01   8.1155807e+02
   1.4679900e+01   8.1155807e+02
   1.4689900e+01   9.9626472e+02
   1.4699900e+01   9.9626472e+02
   1.4709900e+01   1.0255163e+03
   1.4719900e+01   1.0255163e+03
   1.4729900e+01   8.8362624e+03
   1.4739900e+01   8.8362624e+03
   1.4749900e+01   3.0423728e+04
   1.4759900e+01   3.0423728e+04
   1.4769900e+01   4.8707802e+04
   1.4779900e+01   4.8707802e+04
   1.4789900e+01   4.4748863e+04
   1.4799900e+01   4.4748863e+04
   1.4809900e+01   4.8336797e+04
   1.4819900e+01   4.8336797e+04
   1.4829900e+01   5.0807107e+04
   1.4839900e+01   5.0807107e+04
   1.4849900e+01   4.6951360e+04
   1.4859900e+01   4.6951360e+04
   1.4869900e+01   5.3778393e+04
   1.4879900e+01   5.3778393e+04
   1.4889900e+01   4.8622618e+04
   1.4899900e+01   4.8622618e+04
   1.4909900e+01   4.8974887e+04
   1.4919900e+01   4.8974887e+04
   1.4929900e+01   3.7791654e+04
   1.4939900e+01   3.7791654e+04
   1.4949900e+01   4.5509723e+04
   1.4959900e+01   4.5509723e+04
   1.4969900e+01   4.3801541e+04
   1.4979900e+01   4.3801541e+04
   1.4989900e+01   4.5299282e+04
   1.4999900e+01   4.5299282e+04
