   7.9990000e-01  -1.1881188e+00
   8.0000000e-01  -1.1881188e+00
   8.0010000e-01  -1.1881188e+00
   8.0020000e-01  -1.1881188e+00
   8.0030000e-01  -1.1881188e+00
   8.0040000e-01  -1.1881188e+00
   8.0050000e-01  -1.1881188e+00
   8.0060000e-01  -1.1881188e+00
   8.0070000e-01  -1.1881188e+00
   8.0080000e-01  -1.1881188e+00
   8.0090000e-01  -1.1881188e+00
   8.0100000e-01  -1.1881188e+00
   8.0110000e-01  -1.1881188e+00
   8.0120000e-01  -1.1881188e+00
   8.0130000e-01  -1.1881188e+00
   8.0140000e-01  -1.1881188e+00
   8.0150000e-01  -1.1881188e+00
   8.0160000e-01  -1.1881188e+00
   8.0170000e-01  -1.1881188e+00
   8.0180000e-01  -1.1881188e+00
   8.0190000e-01  -1.1881188e+00
   8.0200000e-01  -1.1881188e+00
   8.0210000e-01  -1.1881188e+00
   8.0220000e-01  -1.1881188e+00
   8.0230000e-01  -1.1881188e+00
   8.0240000e-01  -1.1881188e+00
   8.0250000e-01  -1.1881188e+00
   8.0260000e-01  -1.1881188e+00
   8.0270000e-01  -1.1881188e+00
   8.0280000e-01  -1.1881188e+00
   8.0290000e-01  -1.1881188e+00
   8.0300000e-01  -1.1881188e+00
   8.0310000e-01  -1.1881188e+00
   8.0320000e-01  -1.1881188e+00
   8.0330000e-01  -1.1881188e+00
   8.0340000e-01  -1.1881188e+00
   8.0350000e-01  -6.0000000e-01
   8.0360000e-01  -6.0000000e-01
   8.0370000e-01  -6.0000000e-01
   8.0380000e-01  -6.0000000e-01
   8.0390000e-01  -6.0000000e-01
   8.0400000e-01  -6.0000000e-01
   8.0410000e-01  -6.0000000e-01
   8.0420000e-01  -6.0000000e-01
   8.0430000e-01  -6.0000000e-01
   8.0440000e-01  -6.0000000e-01
   8.0450000e-01  -6.0000000e-01
   8.0460000e-01  -6.0000000e-01
   8.0470000e-01  -6.0000000e-01
   8.0480000e-01  -6.0000000e-01
   8.0490000e-01  -6.0000000e-01
   8.0500000e-01  -6.0000000e-01
   8.0510000e-01  -6.0000000e-01
   8.0520000e-01  -6.0000000e-01
   8.0530000e-01  -6.0000000e-01
   8.0540000e-01  -6.0000000e-01
   8.0550000e-01  -6.0000000e-01
   8.0560000e-01  -6.0000000e-01
   8.0570000e-01  -6.0000000e-01
   8.0580000e-01  -6.0000000e-01
   8.0590000e-01  -6.0000000e-01
   8.0600000e-01  -6.0000000e-01
   8.0610000e-01  -6.0000000e-01
   8.0620000e-01  -6.0000000e-01
   8.0630000e-01  -6.0000000e-01
   8.0640000e-01  -6.0000000e-01
   8.0650000e-01  -6.0000000e-01
   8.0660000e-01  -6.0000000e-01
   8.0670000e-01  -6.0000000e-01
   8.0680000e-01  -6.0000000e-01
   8.0690000e-01  -6.0000000e-01
   8.0700000e-01  -6.0000000e-01
   8.0710000e-01  -6.0000000e-01
   8.0720000e-01  -6.0000000e-01
   8.0730000e-01  -6.0000000e-01
   8.0740000e-01  -6.0000000e-01
   8.0750000e-01  -6.0000000e-01
   8.0760000e-01  -6.0000000e-01
   8.0770000e-01  -6.0000000e-01
   8.0780000e-01  -6.0000000e-01
   8.0790000e-01  -6.0000000e-01
   8.0800000e-01  -6.0000000e-01
   8.0810000e-01  -6.0000000e-01
   8.0820000e-01  -6.0000000e-01
   8.0830000e-01  -6.0000000e-01
   8.0840000e-01  -6.0000000e-01
   8.0850000e-01  -6.0000000e-01
   8.0860000e-01  -6.0000000e-01
   8.0870000e-01  -6.0000000e-01
   8.0880000e-01  -6.0000000e-01
   8.0890000e-01  -6.0000000e-01
   8.0900000e-01  -6.0000000e-01
   8.0910000e-01  -6.0000000e-01
   8.0920000e-01  -6.0000000e-01
   8.0930000e-01  -6.0000000e-01
   8.0940000e-01  -6.0000000e-01
   8.0950000e-01  -6.0000000e-01
   8.0960000e-01  -6.0000000e-01
   8.0970000e-01  -6.0000000e-01
   8.0980000e-01  -6.0000000e-01
   8.0990000e-01  -6.0000000e-01
   8.1000000e-01  -6.0000000e-01
   8.1010000e-01  -6.0000000e-01
   8.1020000e-01  -6.0000000e-01
   8.1030000e-01  -6.0000000e-01
   8.1040000e-01  -6.0000000e-01
   8.1050000e-01  -6.0000000e-01
   8.1060000e-01  -6.0000000e-01
   8.1070000e-01  -6.0000000e-01
   8.1080000e-01  -6.0000000e-01
   8.1090000e-01  -6.0000000e-01
   8.1100000e-01  -6.0000000e-01
   8.1110000e-01  -6.0000000e-01
   8.1120000e-01  -6.0000000e-01
   8.1130000e-01  -6.0000000e-01
   8.1140000e-01  -6.0000000e-01
   8.1150000e-01  -6.0000000e-01
   8.1160000e-01  -6.0000000e-01
   8.1170000e-01  -6.0000000e-01
   8.1180000e-01  -6.0000000e-01
   8.1190000e-01  -6.0000000e-01
   8.1200000e-01  -6.0000000e-01
   8.1210000e-01  -6.0000000e-01
   8.1220000e-01  -6.0000000e-01
   8.1230000e-01  -6.0000000e-01
   8.1240000e-01  -6.0000000e-01
   8.1250000e-01  -6.0000000e-01
   8.1260000e-01  -6.0000000e-01
   8.1270000e-01  -6.0000000e-01
   8.1280000e-01  -6.0000000e-01
   8.1290000e-01  -6.0000000e-01
   8.1300000e-01  -6.0000000e-01
   8.1310000e-01  -6.0000000e-01
   8.1320000e-01  -6.0000000e-01
   8.1330000e-01  -6.0000000e-01
   8.1340000e-01  -6.0000000e-01
   8.1350000e-01   4.2857143e+00
   8.1360000e-01   4.2857143e+00
   8.1370000e-01   4.2857143e+00
   8.1380000e-01   4.2857143e+00
   8.1390000e-01   4.2857143e+00
   8.1400000e-01   4.2857143e+00
   8.1410000e-01   4.2857143e+00
   8.1420000e-01   4.2857143e+00
   8.1430000e-01   4.2857143e+00
   8.1440000e-01   4.2857143e+00
   8.1450000e-01   4.2857143e+00
   8.1460000e-01   4.2857143e+00
   8.1470000e-01   4.2857143e+00
   8.1480000e-01   4.2857143e+00
   8.1490000e-01   4.2857143e+00
   8.1500000e-01   4.2857143e+00
   8.1510000e-01   4.2857143e+00
   8.1520000e-01   4.2857143e+00
   8.1530000e-01   4.2857143e+00
   8.1540000e-01   4.2857143e+00
   8.1550000e-01   4.2857143e+00
   8.1560000e-01   4.2857143e+00
   8.1570000e-01   4.2857143e+00
   8.1580000e-01   4.2857143e+00
   8.1590000e-01   4.2857143e+00
   8.1600000e-01   4.2857143e+00
   8.1610000e-01   4.2857143e+00
   8.1620000e-01   4.2857143e+00
   8.1630000e-01   4.2857143e+00
   8.1640000e-01   4.2857143e+00
   8.1650000e-01   4.2857143e+00
   8.1660000e-01   4.2857143e+00
   8.1670000e-01   4.2857143e+00
   8.1680000e-01   4.2857143e+00
   8.1690000e-01   4.2857143e+00
   8.1700000e-01   4.2857143e+00
   8.1710000e-01   4.2857143e+00
   8.1720000e-01   4.2857143e+00
   8.1730000e-01   4.2857143e+00
   8.1740000e-01   4.2857143e+00
   8.1750000e-01   4.2857143e+00
   8.1760000e-01   4.2857143e+00
   8.1770000e-01   4.2857143e+00
   8.1780000e-01   4.2857143e+00
   8.1790000e-01   4.2857143e+00
   8.1800000e-01   4.2857143e+00
   8.1810000e-01   4.2857143e+00
   8.1820000e-01   4.2857143e+00
   8.1830000e-01   4.2857143e+00
   8.1840000e-01   4.2857143e+00
   8.1850000e-01   4.2857143e+00
   8.1860000e-01   4.2857143e+00
   8.1870000e-01   4.2857143e+00
   8.1880000e-01   4.2857143e+00
   8.1890000e-01   4.2857143e+00
   8.1900000e-01   4.2857143e+00
   8.1910000e-01   4.2857143e+00
   8.1920000e-01   4.2857143e+00
   8.1930000e-01   4.2857143e+00
   8.1940000e-01   4.2857143e+00
   8.1950000e-01   4.2857143e+00
   8.1960000e-01   4.2857143e+00
   8.1970000e-01   4.2857143e+00
   8.1980000e-01   4.2857143e+00
   8.1990000e-01   4.2857143e+00
   8.2000000e-01   4.2857143e+00
   8.2010000e-01   4.2857143e+00
   8.2020000e-01   4.2857143e+00
   8.2030000e-01   4.2857143e+00
   8.2040000e-01   4.2857143e+00
   8.2050000e-01   4.2857143e+00
   8.2060000e-01   4.2857143e+00
   8.2070000e-01   4.2857143e+00
   8.2080000e-01   4.2857143e+00
   8.2090000e-01   4.2857143e+00
   8.2100000e-01   4.2857143e+00
   8.2110000e-01   4.2857143e+00
   8.2120000e-01   4.2857143e+00
   8.2130000e-01   4.2857143e+00
   8.2140000e-01   4.2857143e+00
   8.2150000e-01   4.2857143e+00
   8.2160000e-01   4.2857143e+00
   8.2170000e-01   4.2857143e+00
   8.2180000e-01   4.2857143e+00
   8.2190000e-01   4.2857143e+00
   8.2200000e-01   4.2857143e+00
   8.2210000e-01   4.2857143e+00
   8.2220000e-01   4.2857143e+00
   8.2230000e-01   4.2857143e+00
   8.2240000e-01   4.2857143e+00
   8.2250000e-01   4.2857143e+00
   8.2260000e-01   4.2857143e+00
   8.2270000e-01   4.2857143e+00
   8.2280000e-01   4.2857143e+00
   8.2290000e-01   4.2857143e+00
   8.2300000e-01   4.2857143e+00
   8.2310000e-01   4.2857143e+00
   8.2320000e-01   4.2857143e+00
   8.2330000e-01   4.2857143e+00
   8.2340000e-01   4.2857143e+00
   8.2350000e-01  -1.7647059e+00
   8.2360000e-01  -1.7647059e+00
   8.2370000e-01  -1.7647059e+00
   8.2380000e-01  -1.7647059e+00
   8.2390000e-01  -1.7647059e+00
   8.2400000e-01  -1.7647059e+00
   8.2410000e-01  -1.7647059e+00
   8.2420000e-01  -1.7647059e+00
   8.2430000e-01  -1.7647059e+00
   8.2440000e-01  -1.7647059e+00
   8.2450000e-01  -1.7647059e+00
   8.2460000e-01  -1.7647059e+00
   8.2470000e-01  -1.7647059e+00
   8.2480000e-01  -1.7647059e+00
   8.2490000e-01  -1.7647059e+00
   8.2500000e-01  -1.7647059e+00
   8.2510000e-01  -1.7647059e+00
   8.2520000e-01  -1.7647059e+00
   8.2530000e-01  -1.7647059e+00
   8.2540000e-01  -1.7647059e+00
   8.2550000e-01  -1.7647059e+00
   8.2560000e-01  -1.7647059e+00
   8.2570000e-01  -1.7647059e+00
   8.2580000e-01  -1.7647059e+00
   8.2590000e-01  -1.7647059e+00
   8.2600000e-01  -1.7647059e+00
   8.2610000e-01  -1.7647059e+00
   8.2620000e-01  -1.7647059e+00
   8.2630000e-01  -1.7647059e+00
   8.2640000e-01  -1.7647059e+00
   8.2650000e-01  -1.7647059e+00
   8.2660000e-01  -1.7647059e+00
   8.2670000e-01  -1.7647059e+00
   8.2680000e-01  -1.7647059e+00
   8.2690000e-01  -1.7647059e+00
   8.2700000e-01  -1.7647059e+00
   8.2710000e-01  -1.7647059e+00
   8.2720000e-01  -1.7647059e+00
   8.2730000e-01  -1.7647059e+00
   8.2740000e-01  -1.7647059e+00
   8.2750000e-01  -1.7647059e+00
   8.2760000e-01  -1.7647059e+00
   8.2770000e-01  -1.7647059e+00
   8.2780000e-01  -1.7647059e+00
   8.2790000e-01  -1.7647059e+00
   8.2800000e-01  -1.7647059e+00
   8.2810000e-01  -1.7647059e+00
   8.2820000e-01  -1.7647059e+00
   8.2830000e-01  -1.7647059e+00
   8.2840000e-01  -1.7647059e+00
   8.2850000e-01  -1.7647059e+00
   8.2860000e-01  -1.7647059e+00
   8.2870000e-01  -1.7647059e+00
   8.2880000e-01  -1.7647059e+00
   8.2890000e-01  -1.7647059e+00
   8.2900000e-01  -1.7647059e+00
   8.2910000e-01  -1.7647059e+00
   8.2920000e-01  -1.7647059e+00
   8.2930000e-01  -1.7647059e+00
   8.2940000e-01  -1.7647059e+00
   8.2950000e-01  -1.7647059e+00
   8.2960000e-01  -1.7647059e+00
   8.2970000e-01  -1.7647059e+00
   8.2980000e-01  -1.7647059e+00
   8.2990000e-01  -1.7647059e+00
   8.3000000e-01  -1.7647059e+00
   8.3010000e-01  -1.7647059e+00
   8.3020000e-01  -1.7647059e+00
   8.3030000e-01  -1.7647059e+00
   8.3040000e-01  -1.7647059e+00
   8.3050000e-01  -1.7647059e+00
   8.3060000e-01  -1.7647059e+00
   8.3070000e-01  -1.7647059e+00
   8.3080000e-01  -1.7647059e+00
   8.3090000e-01  -1.7647059e+00
   8.3100000e-01  -1.7647059e+00
   8.3110000e-01  -1.7647059e+00
   8.3120000e-01  -1.7647059e+00
   8.3130000e-01  -1.7647059e+00
   8.3140000e-01  -1.7647059e+00
   8.3150000e-01  -1.7647059e+00
   8.3160000e-01  -1.7647059e+00
   8.3170000e-01  -1.7647059e+00
   8.3180000e-01  -1.7647059e+00
   8.3190000e-01  -1.7647059e+00
   8.3200000e-01  -1.7647059e+00
   8.3210000e-01  -1.7647059e+00
   8.3220000e-01  -1.7647059e+00
   8.3230000e-01  -1.7647059e+00
   8.3240000e-01  -1.7647059e+00
   8.3250000e-01  -1.7647059e+00
   8.3260000e-01  -1.7647059e+00
   8.3270000e-01  -1.7647059e+00
   8.3280000e-01  -1.7647059e+00
   8.3290000e-01  -1.7647059e+00
   8.3300000e-01  -1.7647059e+00
   8.3310000e-01  -1.7647059e+00
   8.3320000e-01  -1.7647059e+00
   8.3330000e-01  -1.7647059e+00
   8.3340000e-01  -1.7647059e+00
   8.3350000e-01   1.8181818e+00
   8.3360000e-01   1.8181818e+00
   8.3370000e-01   1.8181818e+00
   8.3380000e-01   1.8181818e+00
   8.3390000e-01   1.8181818e+00
   8.3400000e-01   1.8181818e+00
   8.3410000e-01   1.8181818e+00
   8.3420000e-01   1.8181818e+00
   8.3430000e-01   1.8181818e+00
   8.3440000e-01   1.8181818e+00
   8.3450000e-01   1.8181818e+00
   8.3460000e-01   1.8181818e+00
   8.3470000e-01   1.8181818e+00
   8.3480000e-01   1.8181818e+00
   8.3490000e-01   1.8181818e+00
   8.3500000e-01   1.8181818e+00
   8.3510000e-01   1.8181818e+00
   8.3520000e-01   1.8181818e+00
   8.3530000e-01   1.8181818e+00
   8.3540000e-01   1.8181818e+00
   8.3550000e-01   1.8181818e+00
   8.3560000e-01   1.8181818e+00
   8.3570000e-01   1.8181818e+00
   8.3580000e-01   1.8181818e+00
   8.3590000e-01   1.8181818e+00
   8.3600000e-01   1.8181818e+00
   8.3610000e-01   1.8181818e+00
   8.3620000e-01   1.8181818e+00
   8.3630000e-01   1.8181818e+00
   8.3640000e-01   1.8181818e+00
   8.3650000e-01   1.8181818e+00
   8.3660000e-01   1.8181818e+00
   8.3670000e-01   1.8181818e+00
   8.3680000e-01   1.8181818e+00
   8.3690000e-01   1.8181818e+00
   8.3700000e-01   1.8181818e+00
   8.3710000e-01   1.8181818e+00
   8.3720000e-01   1.8181818e+00
   8.3730000e-01   1.8181818e+00
   8.3740000e-01   1.8181818e+00
   8.3750000e-01   1.8181818e+00
   8.3760000e-01   1.8181818e+00
   8.3770000e-01   1.8181818e+00
   8.3780000e-01   1.8181818e+00
   8.3790000e-01   1.8181818e+00
   8.3800000e-01   1.8181818e+00
   8.3810000e-01   1.8181818e+00
   8.3820000e-01   1.8181818e+00
   8.3830000e-01   1.8181818e+00
   8.3840000e-01   1.8181818e+00
   8.3850000e-01   1.8181818e+00
   8.3860000e-01   1.8181818e+00
   8.3870000e-01   1.8181818e+00
   8.3880000e-01   1.8181818e+00
   8.3890000e-01   1.8181818e+00
   8.3900000e-01   1.8181818e+00
   8.3910000e-01   1.8181818e+00
   8.3920000e-01   1.8181818e+00
   8.3930000e-01   1.8181818e+00
   8.3940000e-01   1.8181818e+00
   8.3950000e-01   1.8181818e+00
   8.3960000e-01   1.8181818e+00
   8.3970000e-01   1.8181818e+00
   8.3980000e-01   1.8181818e+00
   8.3990000e-01   1.8181818e+00
   8.4000000e-01   1.8181818e+00
   8.4010000e-01   1.8181818e+00
   8.4020000e-01   1.8181818e+00
   8.4030000e-01   1.8181818e+00
   8.4040000e-01   1.8181818e+00
   8.4050000e-01   1.8181818e+00
   8.4060000e-01   1.8181818e+00
   8.4070000e-01   1.8181818e+00
   8.4080000e-01   1.8181818e+00
   8.4090000e-01   1.8181818e+00
   8.4100000e-01   1.8181818e+00
   8.4110000e-01   1.8181818e+00
   8.4120000e-01   1.8181818e+00
   8.4130000e-01   1.8181818e+00
   8.4140000e-01   1.8181818e+00
   8.4150000e-01   1.8181818e+00
   8.4160000e-01   1.8181818e+00
   8.4170000e-01   1.8181818e+00
   8.4180000e-01   1.8181818e+00
   8.4190000e-01   1.8181818e+00
   8.4200000e-01   1.8181818e+00
   8.4210000e-01   1.8181818e+00
   8.4220000e-01   1.8181818e+00
   8.4230000e-01   1.8181818e+00
   8.4240000e-01   1.8181818e+00
   8.4250000e-01   1.8181818e+00
   8.4260000e-01   1.8181818e+00
   8.4270000e-01   1.8181818e+00
   8.4280000e-01   1.8181818e+00
   8.4290000e-01   1.8181818e+00
   8.4300000e-01   1.8181818e+00
   8.4310000e-01   1.8181818e+00
   8.4320000e-01   1.8181818e+00
   8.4330000e-01   1.8181818e+00
   8.4340000e-01   1.8181818e+00
   8.4350000e-01  -1.1881188e+00
   8.4360000e-01  -1.1881188e+00
   8.4370000e-01  -1.1881188e+00
   8.4380000e-01  -1.1881188e+00
   8.4390000e-01  -1.1881188e+00
   8.4400000e-01  -1.1881188e+00
   8.4410000e-01  -1.1881188e+00
   8.4420000e-01  -1.1881188e+00
   8.4430000e-01  -1.1881188e+00
   8.4440000e-01  -1.1881188e+00
   8.4450000e-01  -1.1881188e+00
   8.4460000e-01  -1.1881188e+00
   8.4470000e-01  -1.1881188e+00
   8.4480000e-01  -1.1881188e+00
   8.4490000e-01  -1.1881188e+00
   8.4500000e-01  -1.1881188e+00
   8.4510000e-01  -1.1881188e+00
   8.4520000e-01  -1.1881188e+00
   8.4530000e-01  -1.1881188e+00
   8.4540000e-01  -1.1881188e+00
   8.4550000e-01  -1.1881188e+00
   8.4560000e-01  -1.1881188e+00
   8.4570000e-01  -1.1881188e+00
   8.4580000e-01  -1.1881188e+00
   8.4590000e-01  -1.1881188e+00
   8.4600000e-01  -1.1881188e+00
   8.4610000e-01  -1.1881188e+00
   8.4620000e-01  -1.1881188e+00
   8.4630000e-01  -1.1881188e+00
   8.4640000e-01  -1.1881188e+00
   8.4650000e-01  -1.1881188e+00
   8.4660000e-01  -1.1881188e+00
   8.4670000e-01  -1.1881188e+00
   8.4680000e-01  -1.1881188e+00
   8.4690000e-01  -1.1881188e+00
   8.4700000e-01  -1.1881188e+00
   8.4710000e-01  -1.1881188e+00
   8.4720000e-01  -1.1881188e+00
   8.4730000e-01  -1.1881188e+00
   8.4740000e-01  -1.1881188e+00
   8.4750000e-01  -1.1881188e+00
   8.4760000e-01  -1.1881188e+00
   8.4770000e-01  -1.1881188e+00
   8.4780000e-01  -1.1881188e+00
   8.4790000e-01  -1.1881188e+00
   8.4800000e-01  -1.1881188e+00
   8.4810000e-01  -1.1881188e+00
   8.4820000e-01  -1.1881188e+00
   8.4830000e-01  -1.1881188e+00
   8.4840000e-01  -1.1881188e+00
   8.4850000e-01  -1.1881188e+00
   8.4860000e-01  -1.1881188e+00
   8.4870000e-01  -1.1881188e+00
   8.4880000e-01  -1.1881188e+00
   8.4890000e-01  -1.1881188e+00
   8.4900000e-01  -1.1881188e+00
   8.4910000e-01  -1.1881188e+00
   8.4920000e-01  -1.1881188e+00
   8.4930000e-01  -1.1881188e+00
   8.4940000e-01  -1.1881188e+00
   8.4950000e-01  -1.1881188e+00
   8.4960000e-01  -1.1881188e+00
   8.4970000e-01  -1.1881188e+00
   8.4980000e-01  -1.1881188e+00
   8.4990000e-01  -1.1881188e+00
   8.5000000e-01  -1.1881188e+00
   8.5010000e-01  -1.1881188e+00
   8.5020000e-01  -1.1881188e+00
   8.5030000e-01  -1.1881188e+00
   8.5040000e-01  -1.1881188e+00
   8.5050000e-01  -1.1881188e+00
   8.5060000e-01  -1.1881188e+00
   8.5070000e-01  -1.1881188e+00
   8.5080000e-01  -1.1881188e+00
   8.5090000e-01  -1.1881188e+00
   8.5100000e-01  -1.1881188e+00
   8.5110000e-01  -1.1881188e+00
   8.5120000e-01  -1.1881188e+00
   8.5130000e-01  -1.1881188e+00
   8.5140000e-01  -1.1881188e+00
   8.5150000e-01  -1.1881188e+00
   8.5160000e-01  -1.1881188e+00
   8.5170000e-01  -1.1881188e+00
   8.5180000e-01  -1.1881188e+00
   8.5190000e-01  -1.1881188e+00
   8.5200000e-01  -1.1881188e+00
   8.5210000e-01  -1.1881188e+00
   8.5220000e-01  -1.1881188e+00
   8.5230000e-01  -1.1881188e+00
   8.5240000e-01  -1.1881188e+00
   8.5250000e-01  -1.1881188e+00
   8.5260000e-01  -1.1881188e+00
   8.5270000e-01  -1.1881188e+00
   8.5280000e-01  -1.1881188e+00
   8.5290000e-01  -1.1881188e+00
   8.5300000e-01  -1.1881188e+00
   8.5310000e-01  -1.1881188e+00
   8.5320000e-01  -1.1881188e+00
   8.5330000e-01  -1.1881188e+00
   8.5340000e-01  -1.1881188e+00
   8.5350000e-01  -6.0000000e-01
   8.5360000e-01  -6.0000000e-01
   8.5370000e-01  -6.0000000e-01
   8.5380000e-01  -6.0000000e-01
   8.5390000e-01  -6.0000000e-01
   8.5400000e-01  -6.0000000e-01
   8.5410000e-01  -6.0000000e-01
   8.5420000e-01  -6.0000000e-01
   8.5430000e-01  -6.0000000e-01
   8.5440000e-01  -6.0000000e-01
   8.5450000e-01  -6.0000000e-01
   8.5460000e-01  -6.0000000e-01
   8.5470000e-01  -6.0000000e-01
   8.5480000e-01  -6.0000000e-01
   8.5490000e-01  -6.0000000e-01
   8.5500000e-01  -6.0000000e-01
   8.5510000e-01  -6.0000000e-01
   8.5520000e-01  -6.0000000e-01
   8.5530000e-01  -6.0000000e-01
   8.5540000e-01  -6.0000000e-01
   8.5550000e-01  -6.0000000e-01
   8.5560000e-01  -6.0000000e-01
   8.5570000e-01  -6.0000000e-01
   8.5580000e-01  -6.0000000e-01
   8.5590000e-01  -6.0000000e-01
   8.5600000e-01  -6.0000000e-01
   8.5610000e-01  -6.0000000e-01
   8.5620000e-01  -6.0000000e-01
   8.5630000e-01  -6.0000000e-01
   8.5640000e-01  -6.0000000e-01
   8.5650000e-01  -6.0000000e-01
   8.5660000e-01  -6.0000000e-01
   8.5670000e-01  -6.0000000e-01
   8.5680000e-01  -6.0000000e-01
   8.5690000e-01  -6.0000000e-01
   8.5700000e-01  -6.0000000e-01
   8.5710000e-01  -6.0000000e-01
   8.5720000e-01  -6.0000000e-01
   8.5730000e-01  -6.0000000e-01
   8.5740000e-01  -6.0000000e-01
   8.5750000e-01  -6.0000000e-01
   8.5760000e-01  -6.0000000e-01
   8.5770000e-01  -6.0000000e-01
   8.5780000e-01  -6.0000000e-01
   8.5790000e-01  -6.0000000e-01
   8.5800000e-01  -6.0000000e-01
   8.5810000e-01  -6.0000000e-01
   8.5820000e-01  -6.0000000e-01
   8.5830000e-01  -6.0000000e-01
   8.5840000e-01  -6.0000000e-01
   8.5850000e-01  -6.0000000e-01
   8.5860000e-01  -6.0000000e-01
   8.5870000e-01  -6.0000000e-01
   8.5880000e-01  -6.0000000e-01
   8.5890000e-01  -6.0000000e-01
   8.5900000e-01  -6.0000000e-01
   8.5910000e-01  -6.0000000e-01
   8.5920000e-01  -6.0000000e-01
   8.5930000e-01  -6.0000000e-01
   8.5940000e-01  -6.0000000e-01
   8.5950000e-01  -6.0000000e-01
   8.5960000e-01  -6.0000000e-01
   8.5970000e-01  -6.0000000e-01
   8.5980000e-01  -6.0000000e-01
   8.5990000e-01  -6.0000000e-01
   8.6000000e-01  -6.0000000e-01
   8.6010000e-01  -6.0000000e-01
   8.6020000e-01  -6.0000000e-01
   8.6030000e-01  -6.0000000e-01
   8.6040000e-01  -6.0000000e-01
   8.6050000e-01  -6.0000000e-01
   8.6060000e-01  -6.0000000e-01
   8.6070000e-01  -6.0000000e-01
   8.6080000e-01  -6.0000000e-01
   8.6090000e-01  -6.0000000e-01
   8.6100000e-01  -6.0000000e-01
   8.6110000e-01  -6.0000000e-01
   8.6120000e-01  -6.0000000e-01
   8.6130000e-01  -6.0000000e-01
   8.6140000e-01  -6.0000000e-01
   8.6150000e-01  -6.0000000e-01
   8.6160000e-01  -6.0000000e-01
   8.6170000e-01  -6.0000000e-01
   8.6180000e-01  -6.0000000e-01
   8.6190000e-01  -6.0000000e-01
   8.6200000e-01  -6.0000000e-01
   8.6210000e-01  -6.0000000e-01
   8.6220000e-01  -6.0000000e-01
   8.6230000e-01  -6.0000000e-01
   8.6240000e-01  -6.0000000e-01
   8.6250000e-01  -6.0000000e-01
   8.6260000e-01  -6.0000000e-01
   8.6270000e-01  -6.0000000e-01
   8.6280000e-01  -6.0000000e-01
   8.6290000e-01  -6.0000000e-01
   8.6300000e-01  -6.0000000e-01
   8.6310000e-01  -6.0000000e-01
   8.6320000e-01  -6.0000000e-01
   8.6330000e-01  -6.0000000e-01
   8.6340000e-01  -6.0000000e-01
   8.6350000e-01  -6.0000000e-01
   8.6360000e-01  -6.0000000e-01
   8.6370000e-01  -6.0000000e-01
   8.6380000e-01  -6.0000000e-01
   8.6390000e-01  -6.0000000e-01
   8.6400000e-01  -6.0000000e-01
   8.6410000e-01  -6.0000000e-01
   8.6420000e-01  -6.0000000e-01
   8.6430000e-01  -6.0000000e-01
   8.6440000e-01  -6.0000000e-01
   8.6450000e-01  -6.0000000e-01
   8.6460000e-01  -6.0000000e-01
   8.6470000e-01  -6.0000000e-01
   8.6480000e-01  -6.0000000e-01
   8.6490000e-01  -6.0000000e-01
   8.6500000e-01  -6.0000000e-01
   8.6510000e-01  -6.0000000e-01
   8.6520000e-01  -6.0000000e-01
   8.6530000e-01  -6.0000000e-01
   8.6540000e-01  -6.0000000e-01
   8.6550000e-01  -6.0000000e-01
   8.6560000e-01  -6.0000000e-01
   8.6570000e-01  -6.0000000e-01
   8.6580000e-01  -6.0000000e-01
   8.6590000e-01  -6.0000000e-01
   8.6600000e-01  -6.0000000e-01
   8.6610000e-01  -6.0000000e-01
   8.6620000e-01  -6.0000000e-01
   8.6630000e-01  -6.0000000e-01
   8.6640000e-01  -6.0000000e-01
   8.6650000e-01  -6.0000000e-01
   8.6660000e-01  -6.0000000e-01
   8.6670000e-01  -6.0000000e-01
   8.6680000e-01  -6.0000000e-01
   8.6690000e-01  -6.0000000e-01
   8.6700000e-01  -6.0000000e-01
   8.6710000e-01  -6.0000000e-01
   8.6720000e-01  -6.0000000e-01
   8.6730000e-01  -6.0000000e-01
   8.6740000e-01  -6.0000000e-01
   8.6750000e-01  -6.0000000e-01
   8.6760000e-01  -6.0000000e-01
   8.6770000e-01  -6.0000000e-01
   8.6780000e-01  -6.0000000e-01
   8.6790000e-01  -6.0000000e-01
   8.6800000e-01  -6.0000000e-01
   8.6810000e-01  -6.0000000e-01
   8.6820000e-01  -6.0000000e-01
   8.6830000e-01  -6.0000000e-01
   8.6840000e-01  -6.0000000e-01
   8.6850000e-01  -6.0000000e-01
   8.6860000e-01  -6.0000000e-01
   8.6870000e-01  -6.0000000e-01
   8.6880000e-01  -6.0000000e-01
   8.6890000e-01  -6.0000000e-01
   8.6900000e-01  -6.0000000e-01
   8.6910000e-01  -6.0000000e-01
   8.6920000e-01  -6.0000000e-01
   8.6930000e-01  -6.0000000e-01
   8.6940000e-01  -6.0000000e-01
   8.6950000e-01  -6.0000000e-01
   8.6960000e-01  -6.0000000e-01
   8.6970000e-01  -6.0000000e-01
   8.6980000e-01  -6.0000000e-01
   8.6990000e-01  -6.0000000e-01
   8.7000000e-01  -6.0000000e-01
   8.7010000e-01  -6.0000000e-01
   8.7020000e-01  -6.0000000e-01
   8.7030000e-01  -6.0000000e-01
   8.7040000e-01  -6.0000000e-01
   8.7050000e-01  -6.0000000e-01
   8.7060000e-01  -6.0000000e-01
   8.7070000e-01  -6.0000000e-01
   8.7080000e-01  -6.0000000e-01
   8.7090000e-01  -6.0000000e-01
   8.7100000e-01  -6.0000000e-01
   8.7110000e-01  -6.0000000e-01
   8.7120000e-01  -6.0000000e-01
   8.7130000e-01  -6.0000000e-01
   8.7140000e-01  -6.0000000e-01
   8.7150000e-01  -6.0000000e-01
   8.7160000e-01  -6.0000000e-01
   8.7170000e-01  -6.0000000e-01
   8.7180000e-01  -6.0000000e-01
   8.7190000e-01  -6.0000000e-01
   8.7200000e-01  -6.0000000e-01
   8.7210000e-01  -6.0000000e-01
   8.7220000e-01  -6.0000000e-01
   8.7230000e-01  -6.0000000e-01
   8.7240000e-01  -6.0000000e-01
   8.7250000e-01  -6.0000000e-01
   8.7260000e-01  -6.0000000e-01
   8.7270000e-01  -6.0000000e-01
   8.7280000e-01  -6.0000000e-01
   8.7290000e-01  -6.0000000e-01
   8.7300000e-01  -6.0000000e-01
   8.7310000e-01  -6.0000000e-01
   8.7320000e-01  -6.0000000e-01
   8.7330000e-01  -6.0000000e-01
   8.7340000e-01  -6.0000000e-01
   8.7350000e-01  -6.0000000e-01
   8.7360000e-01  -6.0000000e-01
   8.7370000e-01  -6.0000000e-01
   8.7380000e-01  -6.0000000e-01
   8.7390000e-01  -6.0000000e-01
   8.7400000e-01  -6.0000000e-01
   8.7410000e-01  -6.0000000e-01
   8.7420000e-01  -6.0000000e-01
   8.7430000e-01  -6.0000000e-01
   8.7440000e-01  -6.0000000e-01
   8.7450000e-01  -6.0000000e-01
   8.7460000e-01  -6.0000000e-01
   8.7470000e-01  -6.0000000e-01
   8.7480000e-01  -6.0000000e-01
   8.7490000e-01  -6.0000000e-01
   8.7500000e-01  -6.0000000e-01
   8.7510000e-01  -6.0000000e-01
   8.7520000e-01  -6.0000000e-01
   8.7530000e-01  -6.0000000e-01
   8.7540000e-01  -6.0000000e-01
   8.7550000e-01  -6.0000000e-01
   8.7560000e-01  -6.0000000e-01
   8.7570000e-01  -6.0000000e-01
   8.7580000e-01  -6.0000000e-01
   8.7590000e-01  -6.0000000e-01
   8.7600000e-01  -6.0000000e-01
   8.7610000e-01  -6.0000000e-01
   8.7620000e-01  -6.0000000e-01
   8.7630000e-01  -6.0000000e-01
   8.7640000e-01  -6.0000000e-01
   8.7650000e-01  -6.0000000e-01
   8.7660000e-01  -6.0000000e-01
   8.7670000e-01  -6.0000000e-01
   8.7680000e-01  -6.0000000e-01
   8.7690000e-01  -6.0000000e-01
   8.7700000e-01  -6.0000000e-01
   8.7710000e-01  -6.0000000e-01
   8.7720000e-01  -6.0000000e-01
   8.7730000e-01  -6.0000000e-01
   8.7740000e-01  -6.0000000e-01
   8.7750000e-01  -6.0000000e-01
   8.7760000e-01  -6.0000000e-01
   8.7770000e-01  -6.0000000e-01
   8.7780000e-01  -6.0000000e-01
   8.7790000e-01  -6.0000000e-01
   8.7800000e-01  -6.0000000e-01
   8.7810000e-01  -6.0000000e-01
   8.7820000e-01  -6.0000000e-01
   8.7830000e-01  -6.0000000e-01
   8.7840000e-01  -6.0000000e-01
   8.7850000e-01  -6.0000000e-01
   8.7860000e-01  -6.0000000e-01
   8.7870000e-01  -6.0000000e-01
   8.7880000e-01  -6.0000000e-01
   8.7890000e-01  -6.0000000e-01
   8.7900000e-01  -6.0000000e-01
   8.7910000e-01  -6.0000000e-01
   8.7920000e-01  -6.0000000e-01
   8.7930000e-01  -6.0000000e-01
   8.7940000e-01  -6.0000000e-01
   8.7950000e-01  -6.0000000e-01
   8.7960000e-01  -6.0000000e-01
   8.7970000e-01  -6.0000000e-01
   8.7980000e-01  -6.0000000e-01
   8.7990000e-01  -6.0000000e-01
   8.8000000e-01  -6.0000000e-01
   8.8010000e-01  -6.0000000e-01
   8.8020000e-01  -6.0000000e-01
   8.8030000e-01  -6.0000000e-01
   8.8040000e-01  -6.0000000e-01
   8.8050000e-01  -6.0000000e-01
   8.8060000e-01  -6.0000000e-01
   8.8070000e-01  -6.0000000e-01
   8.8080000e-01  -6.0000000e-01
   8.8090000e-01  -6.0000000e-01
   8.8100000e-01  -6.0000000e-01
   8.8110000e-01  -6.0000000e-01
   8.8120000e-01  -6.0000000e-01
   8.8130000e-01  -6.0000000e-01
   8.8140000e-01  -6.0000000e-01
   8.8150000e-01  -6.0000000e-01
   8.8160000e-01  -6.0000000e-01
   8.8170000e-01  -6.0000000e-01
   8.8180000e-01  -6.0000000e-01
   8.8190000e-01  -6.0000000e-01
   8.8200000e-01  -6.0000000e-01
   8.8210000e-01  -6.0000000e-01
   8.8220000e-01  -6.0000000e-01
   8.8230000e-01  -6.0000000e-01
   8.8240000e-01  -6.0000000e-01
   8.8250000e-01  -6.0000000e-01
   8.8260000e-01  -6.0000000e-01
   8.8270000e-01  -6.0000000e-01
   8.8280000e-01  -6.0000000e-01
   8.8290000e-01  -6.0000000e-01
   8.8300000e-01  -6.0000000e-01
   8.8310000e-01  -6.0000000e-01
   8.8320000e-01  -6.0000000e-01
   8.8330000e-01  -6.0000000e-01
   8.8340000e-01  -6.0000000e-01
   8.8350000e-01   1.8181818e+00
   8.8360000e-01   1.8181818e+00
   8.8370000e-01   1.8181818e+00
   8.8380000e-01   1.8181818e+00
   8.8390000e-01   1.8181818e+00
   8.8400000e-01   1.8181818e+00
   8.8410000e-01   1.8181818e+00
   8.8420000e-01   1.8181818e+00
   8.8430000e-01   1.8181818e+00
   8.8440000e-01   1.8181818e+00
   8.8450000e-01   1.8181818e+00
   8.8460000e-01   1.8181818e+00
   8.8470000e-01   1.8181818e+00
   8.8480000e-01   1.8181818e+00
   8.8490000e-01   1.8181818e+00
   8.8500000e-01   1.8181818e+00
   8.8510000e-01   1.8181818e+00
   8.8520000e-01   1.8181818e+00
   8.8530000e-01   1.8181818e+00
   8.8540000e-01   1.8181818e+00
   8.8550000e-01   1.8181818e+00
   8.8560000e-01   1.8181818e+00
   8.8570000e-01   1.8181818e+00
   8.8580000e-01   1.8181818e+00
   8.8590000e-01   1.8181818e+00
   8.8600000e-01   1.8181818e+00
   8.8610000e-01   1.8181818e+00
   8.8620000e-01   1.8181818e+00
   8.8630000e-01   1.8181818e+00
   8.8640000e-01   1.8181818e+00
   8.8650000e-01   1.8181818e+00
   8.8660000e-01   1.8181818e+00
   8.8670000e-01   1.8181818e+00
   8.8680000e-01   1.8181818e+00
   8.8690000e-01   1.8181818e+00
   8.8700000e-01   1.8181818e+00
   8.8710000e-01   1.8181818e+00
   8.8720000e-01   1.8181818e+00
   8.8730000e-01   1.8181818e+00
   8.8740000e-01   1.8181818e+00
   8.8750000e-01   1.8181818e+00
   8.8760000e-01   1.8181818e+00
   8.8770000e-01   1.8181818e+00
   8.8780000e-01   1.8181818e+00
   8.8790000e-01   1.8181818e+00
   8.8800000e-01   1.8181818e+00
   8.8810000e-01   1.8181818e+00
   8.8820000e-01   1.8181818e+00
   8.8830000e-01   1.8181818e+00
   8.8840000e-01   1.8181818e+00
   8.8850000e-01   1.8181818e+00
   8.8860000e-01   1.8181818e+00
   8.8870000e-01   1.8181818e+00
   8.8880000e-01   1.8181818e+00
   8.8890000e-01   1.8181818e+00
   8.8900000e-01   1.8181818e+00
   8.8910000e-01   1.8181818e+00
   8.8920000e-01   1.8181818e+00
   8.8930000e-01   1.8181818e+00
   8.8940000e-01   1.8181818e+00
   8.8950000e-01   1.8181818e+00
   8.8960000e-01   1.8181818e+00
   8.8970000e-01   1.8181818e+00
   8.8980000e-01   1.8181818e+00
   8.8990000e-01   1.8181818e+00
   8.9000000e-01   1.8181818e+00
   8.9010000e-01   1.8181818e+00
   8.9020000e-01   1.8181818e+00
   8.9030000e-01   1.8181818e+00
   8.9040000e-01   1.8181818e+00
   8.9050000e-01   1.8181818e+00
   8.9060000e-01   1.8181818e+00
   8.9070000e-01   1.8181818e+00
   8.9080000e-01   1.8181818e+00
   8.9090000e-01   1.8181818e+00
   8.9100000e-01   1.8181818e+00
   8.9110000e-01   1.8181818e+00
   8.9120000e-01   1.8181818e+00
   8.9130000e-01   1.8181818e+00
   8.9140000e-01   1.8181818e+00
   8.9150000e-01   1.8181818e+00
   8.9160000e-01   1.8181818e+00
   8.9170000e-01   1.8181818e+00
   8.9180000e-01   1.8181818e+00
   8.9190000e-01   1.8181818e+00
   8.9200000e-01   1.8181818e+00
   8.9210000e-01   1.8181818e+00
   8.9220000e-01   1.8181818e+00
   8.9230000e-01   1.8181818e+00
   8.9240000e-01   1.8181818e+00
   8.9250000e-01   1.8181818e+00
   8.9260000e-01   1.8181818e+00
   8.9270000e-01   1.8181818e+00
   8.9280000e-01   1.8181818e+00
   8.9290000e-01   1.8181818e+00
   8.9300000e-01   1.8181818e+00
   8.9310000e-01   1.8181818e+00
   8.9320000e-01   1.8181818e+00
   8.9330000e-01   1.8181818e+00
   8.9340000e-01   1.8181818e+00
   8.9350000e-01  -1.1881188e+00
   8.9360000e-01  -1.1881188e+00
   8.9370000e-01  -1.1881188e+00
   8.9380000e-01  -1.1881188e+00
   8.9390000e-01  -1.1881188e+00
   8.9400000e-01  -1.1881188e+00
   8.9410000e-01  -1.1881188e+00
   8.9420000e-01  -1.1881188e+00
   8.9430000e-01  -1.1881188e+00
   8.9440000e-01  -1.1881188e+00
   8.9450000e-01  -1.1881188e+00
   8.9460000e-01  -1.1881188e+00
   8.9470000e-01  -1.1881188e+00
   8.9480000e-01  -1.1881188e+00
   8.9490000e-01  -1.1881188e+00
   8.9500000e-01  -1.1881188e+00
   8.9510000e-01  -1.1881188e+00
   8.9520000e-01  -1.1881188e+00
   8.9530000e-01  -1.1881188e+00
   8.9540000e-01  -1.1881188e+00
   8.9550000e-01  -1.1881188e+00
   8.9560000e-01  -1.1881188e+00
   8.9570000e-01  -1.1881188e+00
   8.9580000e-01  -1.1881188e+00
   8.9590000e-01  -1.1881188e+00
   8.9600000e-01  -1.1881188e+00
   8.9610000e-01  -1.1881188e+00
   8.9620000e-01  -1.1881188e+00
   8.9630000e-01  -1.1881188e+00
   8.9640000e-01  -1.1881188e+00
   8.9650000e-01  -1.1881188e+00
   8.9660000e-01  -1.1881188e+00
   8.9670000e-01  -1.1881188e+00
   8.9680000e-01  -1.1881188e+00
   8.9690000e-01  -1.1881188e+00
   8.9700000e-01  -1.1881188e+00
   8.9710000e-01  -1.1881188e+00
   8.9720000e-01  -1.1881188e+00
   8.9730000e-01  -1.1881188e+00
   8.9740000e-01  -1.1881188e+00
   8.9750000e-01  -1.1881188e+00
   8.9760000e-01  -1.1881188e+00
   8.9770000e-01  -1.1881188e+00
   8.9780000e-01  -1.1881188e+00
   8.9790000e-01  -1.1881188e+00
   8.9800000e-01  -1.1881188e+00
   8.9810000e-01  -1.1881188e+00
   8.9820000e-01  -1.1881188e+00
   8.9830000e-01  -1.1881188e+00
   8.9840000e-01  -1.1881188e+00
   8.9850000e-01  -1.1881188e+00
   8.9860000e-01  -1.1881188e+00
   8.9870000e-01  -1.1881188e+00
   8.9880000e-01  -1.1881188e+00
   8.9890000e-01  -1.1881188e+00
   8.9900000e-01  -1.1881188e+00
   8.9910000e-01  -1.1881188e+00
   8.9920000e-01  -1.1881188e+00
   8.9930000e-01  -1.1881188e+00
   8.9940000e-01  -1.1881188e+00
   8.9950000e-01  -1.1881188e+00
   8.9960000e-01  -1.1881188e+00
   8.9970000e-01  -1.1881188e+00
   8.9980000e-01  -1.1881188e+00
   8.9990000e-01  -1.1881188e+00
   9.0000000e-01  -1.1881188e+00
   9.0010000e-01  -1.1881188e+00
   9.0020000e-01  -1.1881188e+00
   9.0030000e-01  -1.1881188e+00
   9.0040000e-01  -1.1881188e+00
   9.0050000e-01  -1.1881188e+00
   9.0060000e-01  -1.1881188e+00
   9.0070000e-01  -1.1881188e+00
   9.0080000e-01  -1.1881188e+00
   9.0090000e-01  -1.1881188e+00
   9.0100000e-01  -1.1881188e+00
   9.0110000e-01  -1.1881188e+00
   9.0120000e-01  -1.1881188e+00
   9.0130000e-01  -1.1881188e+00
   9.0140000e-01  -1.1881188e+00
   9.0150000e-01  -1.1881188e+00
   9.0160000e-01  -1.1881188e+00
   9.0170000e-01  -1.1881188e+00
   9.0180000e-01  -1.1881188e+00
   9.0190000e-01  -1.1881188e+00
   9.0200000e-01  -1.1881188e+00
   9.0210000e-01  -1.1881188e+00
   9.0220000e-01  -1.1881188e+00
   9.0230000e-01  -1.1881188e+00
   9.0240000e-01  -1.1881188e+00
   9.0250000e-01  -1.1881188e+00
   9.0260000e-01  -1.1881188e+00
   9.0270000e-01  -1.1881188e+00
   9.0280000e-01  -1.1881188e+00
   9.0290000e-01  -1.1881188e+00
   9.0300000e-01  -1.1881188e+00
   9.0310000e-01  -1.1881188e+00
   9.0320000e-01  -1.1881188e+00
   9.0330000e-01  -1.1881188e+00
   9.0340000e-01  -1.1881188e+00
   9.0350000e-01  -6.0000000e-01
   9.0360000e-01  -6.0000000e-01
   9.0370000e-01  -6.0000000e-01
   9.0380000e-01  -6.0000000e-01
   9.0390000e-01  -6.0000000e-01
   9.0400000e-01  -6.0000000e-01
   9.0410000e-01  -6.0000000e-01
   9.0420000e-01  -6.0000000e-01
   9.0430000e-01  -6.0000000e-01
   9.0440000e-01  -6.0000000e-01
   9.0450000e-01  -6.0000000e-01
   9.0460000e-01  -6.0000000e-01
   9.0470000e-01  -6.0000000e-01
   9.0480000e-01  -6.0000000e-01
   9.0490000e-01  -6.0000000e-01
   9.0500000e-01  -6.0000000e-01
   9.0510000e-01  -6.0000000e-01
   9.0520000e-01  -6.0000000e-01
   9.0530000e-01  -6.0000000e-01
   9.0540000e-01  -6.0000000e-01
   9.0550000e-01  -6.0000000e-01
   9.0560000e-01  -6.0000000e-01
   9.0570000e-01  -6.0000000e-01
   9.0580000e-01  -6.0000000e-01
   9.0590000e-01  -6.0000000e-01
   9.0600000e-01  -6.0000000e-01
   9.0610000e-01  -6.0000000e-01
   9.0620000e-01  -6.0000000e-01
   9.0630000e-01  -6.0000000e-01
   9.0640000e-01  -6.0000000e-01
   9.0650000e-01  -6.0000000e-01
   9.0660000e-01  -6.0000000e-01
   9.0670000e-01  -6.0000000e-01
   9.0680000e-01  -6.0000000e-01
   9.0690000e-01  -6.0000000e-01
   9.0700000e-01  -6.0000000e-01
   9.0710000e-01  -6.0000000e-01
   9.0720000e-01  -6.0000000e-01
   9.0730000e-01  -6.0000000e-01
   9.0740000e-01  -6.0000000e-01
   9.0750000e-01  -6.0000000e-01
   9.0760000e-01  -6.0000000e-01
   9.0770000e-01  -6.0000000e-01
   9.0780000e-01  -6.0000000e-01
   9.0790000e-01  -6.0000000e-01
   9.0800000e-01  -6.0000000e-01
   9.0810000e-01  -6.0000000e-01
   9.0820000e-01  -6.0000000e-01
   9.0830000e-01  -6.0000000e-01
   9.0840000e-01  -6.0000000e-01
   9.0850000e-01  -6.0000000e-01
   9.0860000e-01  -6.0000000e-01
   9.0870000e-01  -6.0000000e-01
   9.0880000e-01  -6.0000000e-01
   9.0890000e-01  -6.0000000e-01
   9.0900000e-01  -6.0000000e-01
   9.0910000e-01  -6.0000000e-01
   9.0920000e-01  -6.0000000e-01
   9.0930000e-01  -6.0000000e-01
   9.0940000e-01  -6.0000000e-01
   9.0950000e-01  -6.0000000e-01
   9.0960000e-01  -6.0000000e-01
   9.0970000e-01  -6.0000000e-01
   9.0980000e-01  -6.0000000e-01
   9.0990000e-01  -6.0000000e-01
   9.1000000e-01  -6.0000000e-01
   9.1010000e-01  -6.0000000e-01
   9.1020000e-01  -6.0000000e-01
   9.1030000e-01  -6.0000000e-01
   9.1040000e-01  -6.0000000e-01
   9.1050000e-01  -6.0000000e-01
   9.1060000e-01  -6.0000000e-01
   9.1070000e-01  -6.0000000e-01
   9.1080000e-01  -6.0000000e-01
   9.1090000e-01  -6.0000000e-01
   9.1100000e-01  -6.0000000e-01
   9.1110000e-01  -6.0000000e-01
   9.1120000e-01  -6.0000000e-01
   9.1130000e-01  -6.0000000e-01
   9.1140000e-01  -6.0000000e-01
   9.1150000e-01  -6.0000000e-01
   9.1160000e-01  -6.0000000e-01
   9.1170000e-01  -6.0000000e-01
   9.1180000e-01  -6.0000000e-01
   9.1190000e-01  -6.0000000e-01
   9.1200000e-01  -6.0000000e-01
   9.1210000e-01  -6.0000000e-01
   9.1220000e-01  -6.0000000e-01
   9.1230000e-01  -6.0000000e-01
   9.1240000e-01  -6.0000000e-01
   9.1250000e-01  -6.0000000e-01
   9.1260000e-01  -6.0000000e-01
   9.1270000e-01  -6.0000000e-01
   9.1280000e-01  -6.0000000e-01
   9.1290000e-01  -6.0000000e-01
   9.1300000e-01  -6.0000000e-01
   9.1310000e-01  -6.0000000e-01
   9.1320000e-01  -6.0000000e-01
   9.1330000e-01  -6.0000000e-01
   9.1340000e-01  -6.0000000e-01
   9.1350000e-01  -6.0000000e-01
   9.1360000e-01  -6.0000000e-01
   9.1370000e-01  -6.0000000e-01
   9.1380000e-01  -6.0000000e-01
   9.1390000e-01  -6.0000000e-01
   9.1400000e-01  -6.0000000e-01
   9.1410000e-01  -6.0000000e-01
   9.1420000e-01  -6.0000000e-01
   9.1430000e-01  -6.0000000e-01
   9.1440000e-01  -6.0000000e-01
   9.1450000e-01  -6.0000000e-01
   9.1460000e-01  -6.0000000e-01
   9.1470000e-01  -6.0000000e-01
   9.1480000e-01  -6.0000000e-01
   9.1490000e-01  -6.0000000e-01
   9.1500000e-01  -6.0000000e-01
   9.1510000e-01  -6.0000000e-01
   9.1520000e-01  -6.0000000e-01
   9.1530000e-01  -6.0000000e-01
   9.1540000e-01  -6.0000000e-01
   9.1550000e-01  -6.0000000e-01
   9.1560000e-01  -6.0000000e-01
   9.1570000e-01  -6.0000000e-01
   9.1580000e-01  -6.0000000e-01
   9.1590000e-01  -6.0000000e-01
   9.1600000e-01  -6.0000000e-01
   9.1610000e-01  -6.0000000e-01
   9.1620000e-01  -6.0000000e-01
   9.1630000e-01  -6.0000000e-01
   9.1640000e-01  -6.0000000e-01
   9.1650000e-01  -6.0000000e-01
   9.1660000e-01  -6.0000000e-01
   9.1670000e-01  -6.0000000e-01
   9.1680000e-01  -6.0000000e-01
   9.1690000e-01  -6.0000000e-01
   9.1700000e-01  -6.0000000e-01
   9.1710000e-01  -6.0000000e-01
   9.1720000e-01  -6.0000000e-01
   9.1730000e-01  -6.0000000e-01
   9.1740000e-01  -6.0000000e-01
   9.1750000e-01  -6.0000000e-01
   9.1760000e-01  -6.0000000e-01
   9.1770000e-01  -6.0000000e-01
   9.1780000e-01  -6.0000000e-01
   9.1790000e-01  -6.0000000e-01
   9.1800000e-01  -6.0000000e-01
   9.1810000e-01  -6.0000000e-01
   9.1820000e-01  -6.0000000e-01
   9.1830000e-01  -6.0000000e-01
   9.1840000e-01  -6.0000000e-01
   9.1850000e-01  -6.0000000e-01
   9.1860000e-01  -6.0000000e-01
   9.1870000e-01  -6.0000000e-01
   9.1880000e-01  -6.0000000e-01
   9.1890000e-01  -6.0000000e-01
   9.1900000e-01  -6.0000000e-01
   9.1910000e-01  -6.0000000e-01
   9.1920000e-01  -6.0000000e-01
   9.1930000e-01  -6.0000000e-01
   9.1940000e-01  -6.0000000e-01
   9.1950000e-01  -6.0000000e-01
   9.1960000e-01  -6.0000000e-01
   9.1970000e-01  -6.0000000e-01
   9.1980000e-01  -6.0000000e-01
   9.1990000e-01  -6.0000000e-01
   9.2000000e-01  -6.0000000e-01
   9.2010000e-01  -6.0000000e-01
   9.2020000e-01  -6.0000000e-01
   9.2030000e-01  -6.0000000e-01
   9.2040000e-01  -6.0000000e-01
   9.2050000e-01  -6.0000000e-01
   9.2060000e-01  -6.0000000e-01
   9.2070000e-01  -6.0000000e-01
   9.2080000e-01  -6.0000000e-01
   9.2090000e-01  -6.0000000e-01
   9.2100000e-01  -6.0000000e-01
   9.2110000e-01  -6.0000000e-01
   9.2120000e-01  -6.0000000e-01
   9.2130000e-01  -6.0000000e-01
   9.2140000e-01  -6.0000000e-01
   9.2150000e-01  -6.0000000e-01
   9.2160000e-01  -6.0000000e-01
   9.2170000e-01  -6.0000000e-01
   9.2180000e-01  -6.0000000e-01
   9.2190000e-01  -6.0000000e-01
   9.2200000e-01  -6.0000000e-01
   9.2210000e-01  -6.0000000e-01
   9.2220000e-01  -6.0000000e-01
   9.2230000e-01  -6.0000000e-01
   9.2240000e-01  -6.0000000e-01
   9.2250000e-01  -6.0000000e-01
   9.2260000e-01  -6.0000000e-01
   9.2270000e-01  -6.0000000e-01
   9.2280000e-01  -6.0000000e-01
   9.2290000e-01  -6.0000000e-01
   9.2300000e-01  -6.0000000e-01
   9.2310000e-01  -6.0000000e-01
   9.2320000e-01  -6.0000000e-01
   9.2330000e-01  -6.0000000e-01
   9.2340000e-01  -6.0000000e-01
   9.2350000e-01  -6.0000000e-01
   9.2360000e-01  -6.0000000e-01
   9.2370000e-01  -6.0000000e-01
   9.2380000e-01  -6.0000000e-01
   9.2390000e-01  -6.0000000e-01
   9.2400000e-01  -6.0000000e-01
   9.2410000e-01  -6.0000000e-01
   9.2420000e-01  -6.0000000e-01
   9.2430000e-01  -6.0000000e-01
   9.2440000e-01  -6.0000000e-01
   9.2450000e-01  -6.0000000e-01
   9.2460000e-01  -6.0000000e-01
   9.2470000e-01  -6.0000000e-01
   9.2480000e-01  -6.0000000e-01
   9.2490000e-01  -6.0000000e-01
   9.2500000e-01  -6.0000000e-01
   9.2510000e-01  -6.0000000e-01
   9.2520000e-01  -6.0000000e-01
   9.2530000e-01  -6.0000000e-01
   9.2540000e-01  -6.0000000e-01
   9.2550000e-01  -6.0000000e-01
   9.2560000e-01  -6.0000000e-01
   9.2570000e-01  -6.0000000e-01
   9.2580000e-01  -6.0000000e-01
   9.2590000e-01  -6.0000000e-01
   9.2600000e-01  -6.0000000e-01
   9.2610000e-01  -6.0000000e-01
   9.2620000e-01  -6.0000000e-01
   9.2630000e-01  -6.0000000e-01
   9.2640000e-01  -6.0000000e-01
   9.2650000e-01  -6.0000000e-01
   9.2660000e-01  -6.0000000e-01
   9.2670000e-01  -6.0000000e-01
   9.2680000e-01  -6.0000000e-01
   9.2690000e-01  -6.0000000e-01
   9.2700000e-01  -6.0000000e-01
   9.2710000e-01  -6.0000000e-01
   9.2720000e-01  -6.0000000e-01
   9.2730000e-01  -6.0000000e-01
   9.2740000e-01  -6.0000000e-01
   9.2750000e-01  -6.0000000e-01
   9.2760000e-01  -6.0000000e-01
   9.2770000e-01  -6.0000000e-01
   9.2780000e-01  -6.0000000e-01
   9.2790000e-01  -6.0000000e-01
   9.2800000e-01  -6.0000000e-01
   9.2810000e-01  -6.0000000e-01
   9.2820000e-01  -6.0000000e-01
   9.2830000e-01  -6.0000000e-01
   9.2840000e-01  -6.0000000e-01
   9.2850000e-01  -6.0000000e-01
   9.2860000e-01  -6.0000000e-01
   9.2870000e-01  -6.0000000e-01
   9.2880000e-01  -6.0000000e-01
   9.2890000e-01  -6.0000000e-01
   9.2900000e-01  -6.0000000e-01
   9.2910000e-01  -6.0000000e-01
   9.2920000e-01  -6.0000000e-01
   9.2930000e-01  -6.0000000e-01
   9.2940000e-01  -6.0000000e-01
   9.2950000e-01  -6.0000000e-01
   9.2960000e-01  -6.0000000e-01
   9.2970000e-01  -6.0000000e-01
   9.2980000e-01  -6.0000000e-01
   9.2990000e-01  -6.0000000e-01
   9.3000000e-01  -6.0000000e-01
   9.3010000e-01  -6.0000000e-01
   9.3020000e-01  -6.0000000e-01
   9.3030000e-01  -6.0000000e-01
   9.3040000e-01  -6.0000000e-01
   9.3050000e-01  -6.0000000e-01
   9.3060000e-01  -6.0000000e-01
   9.3070000e-01  -6.0000000e-01
   9.3080000e-01  -6.0000000e-01
   9.3090000e-01  -6.0000000e-01
   9.3100000e-01  -6.0000000e-01
   9.3110000e-01  -6.0000000e-01
   9.3120000e-01  -6.0000000e-01
   9.3130000e-01  -6.0000000e-01
   9.3140000e-01  -6.0000000e-01
   9.3150000e-01  -6.0000000e-01
   9.3160000e-01  -6.0000000e-01
   9.3170000e-01  -6.0000000e-01
   9.3180000e-01  -6.0000000e-01
   9.3190000e-01  -6.0000000e-01
   9.3200000e-01  -6.0000000e-01
   9.3210000e-01  -6.0000000e-01
   9.3220000e-01  -6.0000000e-01
   9.3230000e-01  -6.0000000e-01
   9.3240000e-01  -6.0000000e-01
   9.3250000e-01  -6.0000000e-01
   9.3260000e-01  -6.0000000e-01
   9.3270000e-01  -6.0000000e-01
   9.3280000e-01  -6.0000000e-01
   9.3290000e-01  -6.0000000e-01
   9.3300000e-01  -6.0000000e-01
   9.3310000e-01  -6.0000000e-01
   9.3320000e-01  -6.0000000e-01
   9.3330000e-01  -6.0000000e-01
   9.3340000e-01  -6.0000000e-01
   9.3350000e-01  -6.0000000e-01
   9.3360000e-01  -6.0000000e-01
   9.3370000e-01  -6.0000000e-01
   9.3380000e-01  -6.0000000e-01
   9.3390000e-01  -6.0000000e-01
   9.3400000e-01  -6.0000000e-01
   9.3410000e-01  -6.0000000e-01
   9.3420000e-01  -6.0000000e-01
   9.3430000e-01  -6.0000000e-01
   9.3440000e-01  -6.0000000e-01
   9.3450000e-01  -6.0000000e-01
   9.3460000e-01  -6.0000000e-01
   9.3470000e-01  -6.0000000e-01
   9.3480000e-01  -6.0000000e-01
   9.3490000e-01  -6.0000000e-01
   9.3500000e-01  -6.0000000e-01
   9.3510000e-01  -6.0000000e-01
   9.3520000e-01  -6.0000000e-01
   9.3530000e-01  -6.0000000e-01
   9.3540000e-01  -6.0000000e-01
   9.3550000e-01  -6.0000000e-01
   9.3560000e-01  -6.0000000e-01
   9.3570000e-01  -6.0000000e-01
   9.3580000e-01  -6.0000000e-01
   9.3590000e-01  -6.0000000e-01
   9.3600000e-01  -6.0000000e-01
   9.3610000e-01  -6.0000000e-01
   9.3620000e-01  -6.0000000e-01
   9.3630000e-01  -6.0000000e-01
   9.3640000e-01  -6.0000000e-01
   9.3650000e-01  -6.0000000e-01
   9.3660000e-01  -6.0000000e-01
   9.3670000e-01  -6.0000000e-01
   9.3680000e-01  -6.0000000e-01
   9.3690000e-01  -6.0000000e-01
   9.3700000e-01  -6.0000000e-01
   9.3710000e-01  -6.0000000e-01
   9.3720000e-01  -6.0000000e-01
   9.3730000e-01  -6.0000000e-01
   9.3740000e-01  -6.0000000e-01
   9.3750000e-01  -6.0000000e-01
   9.3760000e-01  -6.0000000e-01
   9.3770000e-01  -6.0000000e-01
   9.3780000e-01  -6.0000000e-01
   9.3790000e-01  -6.0000000e-01
   9.3800000e-01  -6.0000000e-01
   9.3810000e-01  -6.0000000e-01
   9.3820000e-01  -6.0000000e-01
   9.3830000e-01  -6.0000000e-01
   9.3840000e-01  -6.0000000e-01
   9.3850000e-01  -6.0000000e-01
   9.3860000e-01  -6.0000000e-01
   9.3870000e-01  -6.0000000e-01
   9.3880000e-01  -6.0000000e-01
   9.3890000e-01  -6.0000000e-01
   9.3900000e-01  -6.0000000e-01
   9.3910000e-01  -6.0000000e-01
   9.3920000e-01  -6.0000000e-01
   9.3930000e-01  -6.0000000e-01
   9.3940000e-01  -6.0000000e-01
   9.3950000e-01  -6.0000000e-01
   9.3960000e-01  -6.0000000e-01
   9.3970000e-01  -6.0000000e-01
   9.3980000e-01  -6.0000000e-01
   9.3990000e-01  -6.0000000e-01
   9.4000000e-01  -6.0000000e-01
   9.4010000e-01  -6.0000000e-01
   9.4020000e-01  -6.0000000e-01
   9.4030000e-01  -6.0000000e-01
   9.4040000e-01  -6.0000000e-01
   9.4050000e-01  -6.0000000e-01
   9.4060000e-01  -6.0000000e-01
   9.4070000e-01  -6.0000000e-01
   9.4080000e-01  -6.0000000e-01
   9.4090000e-01  -6.0000000e-01
   9.4100000e-01  -6.0000000e-01
   9.4110000e-01  -6.0000000e-01
   9.4120000e-01  -6.0000000e-01
   9.4130000e-01  -6.0000000e-01
   9.4140000e-01  -6.0000000e-01
   9.4150000e-01  -6.0000000e-01
   9.4160000e-01  -6.0000000e-01
   9.4170000e-01  -6.0000000e-01
   9.4180000e-01  -6.0000000e-01
   9.4190000e-01  -6.0000000e-01
   9.4200000e-01  -6.0000000e-01
   9.4210000e-01  -6.0000000e-01
   9.4220000e-01  -6.0000000e-01
   9.4230000e-01  -6.0000000e-01
   9.4240000e-01  -6.0000000e-01
   9.4250000e-01  -6.0000000e-01
   9.4260000e-01  -6.0000000e-01
   9.4270000e-01  -6.0000000e-01
   9.4280000e-01  -6.0000000e-01
   9.4290000e-01  -6.0000000e-01
   9.4300000e-01  -6.0000000e-01
   9.4310000e-01  -6.0000000e-01
   9.4320000e-01  -6.0000000e-01
   9.4330000e-01  -6.0000000e-01
   9.4340000e-01  -6.0000000e-01
   9.4350000e-01   1.8181818e+00
   9.4360000e-01   1.8181818e+00
   9.4370000e-01   1.8181818e+00
   9.4380000e-01   1.8181818e+00
   9.4390000e-01   1.8181818e+00
   9.4400000e-01   1.8181818e+00
   9.4410000e-01   1.8181818e+00
   9.4420000e-01   1.8181818e+00
   9.4430000e-01   1.8181818e+00
   9.4440000e-01   1.8181818e+00
   9.4450000e-01   1.8181818e+00
   9.4460000e-01   1.8181818e+00
   9.4470000e-01   1.8181818e+00
   9.4480000e-01   1.8181818e+00
   9.4490000e-01   1.8181818e+00
   9.4500000e-01   1.8181818e+00
   9.4510000e-01   1.8181818e+00
   9.4520000e-01   1.8181818e+00
   9.4530000e-01   1.8181818e+00
   9.4540000e-01   1.8181818e+00
   9.4550000e-01   1.8181818e+00
   9.4560000e-01   1.8181818e+00
   9.4570000e-01   1.8181818e+00
   9.4580000e-01   1.8181818e+00
   9.4590000e-01   1.8181818e+00
   9.4600000e-01   1.8181818e+00
   9.4610000e-01   1.8181818e+00
   9.4620000e-01   1.8181818e+00
   9.4630000e-01   1.8181818e+00
   9.4640000e-01   1.8181818e+00
   9.4650000e-01   1.8181818e+00
   9.4660000e-01   1.8181818e+00
   9.4670000e-01   1.8181818e+00
   9.4680000e-01   1.8181818e+00
   9.4690000e-01   1.8181818e+00
   9.4700000e-01   1.8181818e+00
   9.4710000e-01   1.8181818e+00
   9.4720000e-01   1.8181818e+00
   9.4730000e-01   1.8181818e+00
   9.4740000e-01   1.8181818e+00
   9.4750000e-01   1.8181818e+00
   9.4760000e-01   1.8181818e+00
   9.4770000e-01   1.8181818e+00
   9.4780000e-01   1.8181818e+00
   9.4790000e-01   1.8181818e+00
   9.4800000e-01   1.8181818e+00
   9.4810000e-01   1.8181818e+00
   9.4820000e-01   1.8181818e+00
   9.4830000e-01   1.8181818e+00
   9.4840000e-01   1.8181818e+00
   9.4850000e-01   1.8181818e+00
   9.4860000e-01   1.8181818e+00
   9.4870000e-01   1.8181818e+00
   9.4880000e-01   1.8181818e+00
   9.4890000e-01   1.8181818e+00
   9.4900000e-01   1.8181818e+00
   9.4910000e-01   1.8181818e+00
   9.4920000e-01   1.8181818e+00
   9.4930000e-01   1.8181818e+00
   9.4940000e-01   1.8181818e+00
   9.4950000e-01   1.8181818e+00
   9.4960000e-01   1.8181818e+00
   9.4970000e-01   1.8181818e+00
   9.4980000e-01   1.8181818e+00
   9.4990000e-01   1.8181818e+00
   9.5000000e-01   1.8181818e+00
   9.5010000e-01   1.8181818e+00
   9.5020000e-01   1.8181818e+00
   9.5030000e-01   1.8181818e+00
   9.5040000e-01   1.8181818e+00
   9.5050000e-01   1.8181818e+00
   9.5060000e-01   1.8181818e+00
   9.5070000e-01   1.8181818e+00
   9.5080000e-01   1.8181818e+00
   9.5090000e-01   1.8181818e+00
   9.5100000e-01   1.8181818e+00
   9.5110000e-01   1.8181818e+00
   9.5120000e-01   1.8181818e+00
   9.5130000e-01   1.8181818e+00
   9.5140000e-01   1.8181818e+00
   9.5150000e-01   1.8181818e+00
   9.5160000e-01   1.8181818e+00
   9.5170000e-01   1.8181818e+00
   9.5180000e-01   1.8181818e+00
   9.5190000e-01   1.8181818e+00
   9.5200000e-01   1.8181818e+00
   9.5210000e-01   1.8181818e+00
   9.5220000e-01   1.8181818e+00
   9.5230000e-01   1.8181818e+00
   9.5240000e-01   1.8181818e+00
   9.5250000e-01   1.8181818e+00
   9.5260000e-01   1.8181818e+00
   9.5270000e-01   1.8181818e+00
   9.5280000e-01   1.8181818e+00
   9.5290000e-01   1.8181818e+00
   9.5300000e-01   1.8181818e+00
   9.5310000e-01   1.8181818e+00
   9.5320000e-01   1.8181818e+00
   9.5330000e-01   1.8181818e+00
   9.5340000e-01   1.8181818e+00
   9.5350000e-01  -1.1881188e+00
   9.5360000e-01  -1.1881188e+00
   9.5370000e-01  -1.1881188e+00
   9.5380000e-01  -1.1881188e+00
   9.5390000e-01  -1.1881188e+00
   9.5400000e-01  -1.1881188e+00
   9.5410000e-01  -1.1881188e+00
   9.5420000e-01  -1.1881188e+00
   9.5430000e-01  -1.1881188e+00
   9.5440000e-01  -1.1881188e+00
   9.5450000e-01  -1.1881188e+00
   9.5460000e-01  -1.1881188e+00
   9.5470000e-01  -1.1881188e+00
   9.5480000e-01  -1.1881188e+00
   9.5490000e-01  -1.1881188e+00
   9.5500000e-01  -1.1881188e+00
   9.5510000e-01  -1.1881188e+00
   9.5520000e-01  -1.1881188e+00
   9.5530000e-01  -1.1881188e+00
   9.5540000e-01  -1.1881188e+00
   9.5550000e-01  -1.1881188e+00
   9.5560000e-01  -1.1881188e+00
   9.5570000e-01  -1.1881188e+00
   9.5580000e-01  -1.1881188e+00
   9.5590000e-01  -1.1881188e+00
   9.5600000e-01  -1.1881188e+00
   9.5610000e-01  -1.1881188e+00
   9.5620000e-01  -1.1881188e+00
   9.5630000e-01  -1.1881188e+00
   9.5640000e-01  -1.1881188e+00
   9.5650000e-01  -1.1881188e+00
   9.5660000e-01  -1.1881188e+00
   9.5670000e-01  -1.1881188e+00
   9.5680000e-01  -1.1881188e+00
   9.5690000e-01  -1.1881188e+00
   9.5700000e-01  -1.1881188e+00
   9.5710000e-01  -1.1881188e+00
   9.5720000e-01  -1.1881188e+00
   9.5730000e-01  -1.1881188e+00
   9.5740000e-01  -1.1881188e+00
   9.5750000e-01  -1.1881188e+00
   9.5760000e-01  -1.1881188e+00
   9.5770000e-01  -1.1881188e+00
   9.5780000e-01  -1.1881188e+00
   9.5790000e-01  -1.1881188e+00
   9.5800000e-01  -1.1881188e+00
   9.5810000e-01  -1.1881188e+00
   9.5820000e-01  -1.1881188e+00
   9.5830000e-01  -1.1881188e+00
   9.5840000e-01  -1.1881188e+00
   9.5850000e-01  -1.1881188e+00
   9.5860000e-01  -1.1881188e+00
   9.5870000e-01  -1.1881188e+00
   9.5880000e-01  -1.1881188e+00
   9.5890000e-01  -1.1881188e+00
   9.5900000e-01  -1.1881188e+00
   9.5910000e-01  -1.1881188e+00
   9.5920000e-01  -1.1881188e+00
   9.5930000e-01  -1.1881188e+00
   9.5940000e-01  -1.1881188e+00
   9.5950000e-01  -1.1881188e+00
   9.5960000e-01  -1.1881188e+00
   9.5970000e-01  -1.1881188e+00
   9.5980000e-01  -1.1881188e+00
   9.5990000e-01  -1.1881188e+00
   9.6000000e-01  -1.1881188e+00
   9.6010000e-01  -1.1881188e+00
   9.6020000e-01  -1.1881188e+00
   9.6030000e-01  -1.1881188e+00
   9.6040000e-01  -1.1881188e+00
   9.6050000e-01  -1.1881188e+00
   9.6060000e-01  -1.1881188e+00
   9.6070000e-01  -1.1881188e+00
   9.6080000e-01  -1.1881188e+00
   9.6090000e-01  -1.1881188e+00
   9.6100000e-01  -1.1881188e+00
   9.6110000e-01  -1.1881188e+00
   9.6120000e-01  -1.1881188e+00
   9.6130000e-01  -1.1881188e+00
   9.6140000e-01  -1.1881188e+00
   9.6150000e-01  -1.1881188e+00
   9.6160000e-01  -1.1881188e+00
   9.6170000e-01  -1.1881188e+00
   9.6180000e-01  -1.1881188e+00
   9.6190000e-01  -1.1881188e+00
   9.6200000e-01  -1.1881188e+00
   9.6210000e-01  -1.1881188e+00
   9.6220000e-01  -1.1881188e+00
   9.6230000e-01  -1.1881188e+00
   9.6240000e-01  -1.1881188e+00
   9.6250000e-01  -1.1881188e+00
   9.6260000e-01  -1.1881188e+00
   9.6270000e-01  -1.1881188e+00
   9.6280000e-01  -1.1881188e+00
   9.6290000e-01  -1.1881188e+00
   9.6300000e-01  -1.1881188e+00
   9.6310000e-01  -1.1881188e+00
   9.6320000e-01  -1.1881188e+00
   9.6330000e-01  -1.1881188e+00
   9.6340000e-01  -1.1881188e+00
   9.6350000e-01  -6.0000000e-01
   9.6360000e-01  -6.0000000e-01
   9.6370000e-01  -6.0000000e-01
   9.6380000e-01  -6.0000000e-01
   9.6390000e-01  -6.0000000e-01
   9.6400000e-01  -6.0000000e-01
   9.6410000e-01  -6.0000000e-01
   9.6420000e-01  -6.0000000e-01
   9.6430000e-01  -6.0000000e-01
   9.6440000e-01  -6.0000000e-01
   9.6450000e-01  -6.0000000e-01
   9.6460000e-01  -6.0000000e-01
   9.6470000e-01  -6.0000000e-01
   9.6480000e-01  -6.0000000e-01
   9.6490000e-01  -6.0000000e-01
   9.6500000e-01  -6.0000000e-01
   9.6510000e-01  -6.0000000e-01
   9.6520000e-01  -6.0000000e-01
   9.6530000e-01  -6.0000000e-01
   9.6540000e-01  -6.0000000e-01
   9.6550000e-01  -6.0000000e-01
   9.6560000e-01  -6.0000000e-01
   9.6570000e-01  -6.0000000e-01
   9.6580000e-01  -6.0000000e-01
   9.6590000e-01  -6.0000000e-01
   9.6600000e-01  -6.0000000e-01
   9.6610000e-01  -6.0000000e-01
   9.6620000e-01  -6.0000000e-01
   9.6630000e-01  -6.0000000e-01
   9.6640000e-01  -6.0000000e-01
   9.6650000e-01  -6.0000000e-01
   9.6660000e-01  -6.0000000e-01
   9.6670000e-01  -6.0000000e-01
   9.6680000e-01  -6.0000000e-01
   9.6690000e-01  -6.0000000e-01
   9.6700000e-01  -6.0000000e-01
   9.6710000e-01  -6.0000000e-01
   9.6720000e-01  -6.0000000e-01
   9.6730000e-01  -6.0000000e-01
   9.6740000e-01  -6.0000000e-01
   9.6750000e-01  -6.0000000e-01
   9.6760000e-01  -6.0000000e-01
   9.6770000e-01  -6.0000000e-01
   9.6780000e-01  -6.0000000e-01
   9.6790000e-01  -6.0000000e-01
   9.6800000e-01  -6.0000000e-01
   9.6810000e-01  -6.0000000e-01
   9.6820000e-01  -6.0000000e-01
   9.6830000e-01  -6.0000000e-01
   9.6840000e-01  -6.0000000e-01
   9.6850000e-01  -6.0000000e-01
   9.6860000e-01  -6.0000000e-01
   9.6870000e-01  -6.0000000e-01
   9.6880000e-01  -6.0000000e-01
   9.6890000e-01  -6.0000000e-01
   9.6900000e-01  -6.0000000e-01
   9.6910000e-01  -6.0000000e-01
   9.6920000e-01  -6.0000000e-01
   9.6930000e-01  -6.0000000e-01
   9.6940000e-01  -6.0000000e-01
   9.6950000e-01  -6.0000000e-01
   9.6960000e-01  -6.0000000e-01
   9.6970000e-01  -6.0000000e-01
   9.6980000e-01  -6.0000000e-01
   9.6990000e-01  -6.0000000e-01
   9.7000000e-01  -6.0000000e-01
   9.7010000e-01  -6.0000000e-01
   9.7020000e-01  -6.0000000e-01
   9.7030000e-01  -6.0000000e-01
   9.7040000e-01  -6.0000000e-01
   9.7050000e-01  -6.0000000e-01
   9.7060000e-01  -6.0000000e-01
   9.7070000e-01  -6.0000000e-01
   9.7080000e-01  -6.0000000e-01
   9.7090000e-01  -6.0000000e-01
   9.7100000e-01  -6.0000000e-01
   9.7110000e-01  -6.0000000e-01
   9.7120000e-01  -6.0000000e-01
   9.7130000e-01  -6.0000000e-01
   9.7140000e-01  -6.0000000e-01
   9.7150000e-01  -6.0000000e-01
   9.7160000e-01  -6.0000000e-01
   9.7170000e-01  -6.0000000e-01
   9.7180000e-01  -6.0000000e-01
   9.7190000e-01  -6.0000000e-01
   9.7200000e-01  -6.0000000e-01
   9.7210000e-01  -6.0000000e-01
   9.7220000e-01  -6.0000000e-01
   9.7230000e-01  -6.0000000e-01
   9.7240000e-01  -6.0000000e-01
   9.7250000e-01  -6.0000000e-01
   9.7260000e-01  -6.0000000e-01
   9.7270000e-01  -6.0000000e-01
   9.7280000e-01  -6.0000000e-01
   9.7290000e-01  -6.0000000e-01
   9.7300000e-01  -6.0000000e-01
   9.7310000e-01  -6.0000000e-01
   9.7320000e-01  -6.0000000e-01
   9.7330000e-01  -6.0000000e-01
   9.7340000e-01  -6.0000000e-01
   9.7350000e-01  -6.0000000e-01
   9.7360000e-01  -6.0000000e-01
   9.7370000e-01  -6.0000000e-01
   9.7380000e-01  -6.0000000e-01
   9.7390000e-01  -6.0000000e-01
   9.7400000e-01  -6.0000000e-01
   9.7410000e-01  -6.0000000e-01
   9.7420000e-01  -6.0000000e-01
   9.7430000e-01  -6.0000000e-01
   9.7440000e-01  -6.0000000e-01
   9.7450000e-01  -6.0000000e-01
   9.7460000e-01  -6.0000000e-01
   9.7470000e-01  -6.0000000e-01
   9.7480000e-01  -6.0000000e-01
   9.7490000e-01  -6.0000000e-01
   9.7500000e-01  -6.0000000e-01
   9.7510000e-01  -6.0000000e-01
   9.7520000e-01  -6.0000000e-01
   9.7530000e-01  -6.0000000e-01
   9.7540000e-01  -6.0000000e-01
   9.7550000e-01  -6.0000000e-01
   9.7560000e-01  -6.0000000e-01
   9.7570000e-01  -6.0000000e-01
   9.7580000e-01  -6.0000000e-01
   9.7590000e-01  -6.0000000e-01
   9.7600000e-01  -6.0000000e-01
   9.7610000e-01  -6.0000000e-01
   9.7620000e-01  -6.0000000e-01
   9.7630000e-01  -6.0000000e-01
   9.7640000e-01  -6.0000000e-01
   9.7650000e-01  -6.0000000e-01
   9.7660000e-01  -6.0000000e-01
   9.7670000e-01  -6.0000000e-01
   9.7680000e-01  -6.0000000e-01
   9.7690000e-01  -6.0000000e-01
   9.7700000e-01  -6.0000000e-01
   9.7710000e-01  -6.0000000e-01
   9.7720000e-01  -6.0000000e-01
   9.7730000e-01  -6.0000000e-01
   9.7740000e-01  -6.0000000e-01
   9.7750000e-01  -6.0000000e-01
   9.7760000e-01  -6.0000000e-01
   9.7770000e-01  -6.0000000e-01
   9.7780000e-01  -6.0000000e-01
   9.7790000e-01  -6.0000000e-01
   9.7800000e-01  -6.0000000e-01
   9.7810000e-01  -6.0000000e-01
   9.7820000e-01  -6.0000000e-01
   9.7830000e-01  -6.0000000e-01
   9.7840000e-01  -6.0000000e-01
   9.7850000e-01  -6.0000000e-01
   9.7860000e-01  -6.0000000e-01
   9.7870000e-01  -6.0000000e-01
   9.7880000e-01  -6.0000000e-01
   9.7890000e-01  -6.0000000e-01
   9.7900000e-01  -6.0000000e-01
   9.7910000e-01  -6.0000000e-01
   9.7920000e-01  -6.0000000e-01
   9.7930000e-01  -6.0000000e-01
   9.7940000e-01  -6.0000000e-01
   9.7950000e-01  -6.0000000e-01
   9.7960000e-01  -6.0000000e-01
   9.7970000e-01  -6.0000000e-01
   9.7980000e-01  -6.0000000e-01
   9.7990000e-01  -6.0000000e-01
   9.8000000e-01  -6.0000000e-01
   9.8010000e-01  -6.0000000e-01
   9.8020000e-01  -6.0000000e-01
   9.8030000e-01  -6.0000000e-01
   9.8040000e-01  -6.0000000e-01
   9.8050000e-01  -6.0000000e-01
   9.8060000e-01  -6.0000000e-01
   9.8070000e-01  -6.0000000e-01
   9.8080000e-01  -6.0000000e-01
   9.8090000e-01  -6.0000000e-01
   9.8100000e-01  -6.0000000e-01
   9.8110000e-01  -6.0000000e-01
   9.8120000e-01  -6.0000000e-01
   9.8130000e-01  -6.0000000e-01
   9.8140000e-01  -6.0000000e-01
   9.8150000e-01  -6.0000000e-01
   9.8160000e-01  -6.0000000e-01
   9.8170000e-01  -6.0000000e-01
   9.8180000e-01  -6.0000000e-01
   9.8190000e-01  -6.0000000e-01
   9.8200000e-01  -6.0000000e-01
   9.8210000e-01  -6.0000000e-01
   9.8220000e-01  -6.0000000e-01
   9.8230000e-01  -6.0000000e-01
   9.8240000e-01  -6.0000000e-01
   9.8250000e-01  -6.0000000e-01
   9.8260000e-01  -6.0000000e-01
   9.8270000e-01  -6.0000000e-01
   9.8280000e-01  -6.0000000e-01
   9.8290000e-01  -6.0000000e-01
   9.8300000e-01  -6.0000000e-01
   9.8310000e-01  -6.0000000e-01
   9.8320000e-01  -6.0000000e-01
   9.8330000e-01  -6.0000000e-01
   9.8340000e-01  -6.0000000e-01
   9.8350000e-01  -6.0000000e-01
   9.8360000e-01  -6.0000000e-01
   9.8370000e-01  -6.0000000e-01
   9.8380000e-01  -6.0000000e-01
   9.8390000e-01  -6.0000000e-01
   9.8400000e-01  -6.0000000e-01
   9.8410000e-01  -6.0000000e-01
   9.8420000e-01  -6.0000000e-01
   9.8430000e-01  -6.0000000e-01
   9.8440000e-01  -6.0000000e-01
   9.8450000e-01  -6.0000000e-01
   9.8460000e-01  -6.0000000e-01
   9.8470000e-01  -6.0000000e-01
   9.8480000e-01  -6.0000000e-01
   9.8490000e-01  -6.0000000e-01
   9.8500000e-01  -6.0000000e-01
   9.8510000e-01  -6.0000000e-01
   9.8520000e-01  -6.0000000e-01
   9.8530000e-01  -6.0000000e-01
   9.8540000e-01  -6.0000000e-01
   9.8550000e-01  -6.0000000e-01
   9.8560000e-01  -6.0000000e-01
   9.8570000e-01  -6.0000000e-01
   9.8580000e-01  -6.0000000e-01
   9.8590000e-01  -6.0000000e-01
   9.8600000e-01  -6.0000000e-01
   9.8610000e-01  -6.0000000e-01
   9.8620000e-01  -6.0000000e-01
   9.8630000e-01  -6.0000000e-01
   9.8640000e-01  -6.0000000e-01
   9.8650000e-01  -6.0000000e-01
   9.8660000e-01  -6.0000000e-01
   9.8670000e-01  -6.0000000e-01
   9.8680000e-01  -6.0000000e-01
   9.8690000e-01  -6.0000000e-01
   9.8700000e-01  -6.0000000e-01
   9.8710000e-01  -6.0000000e-01
   9.8720000e-01  -6.0000000e-01
   9.8730000e-01  -6.0000000e-01
   9.8740000e-01  -6.0000000e-01
   9.8750000e-01  -6.0000000e-01
   9.8760000e-01  -6.0000000e-01
   9.8770000e-01  -6.0000000e-01
   9.8780000e-01  -6.0000000e-01
   9.8790000e-01  -6.0000000e-01
   9.8800000e-01  -6.0000000e-01
   9.8810000e-01  -6.0000000e-01
   9.8820000e-01  -6.0000000e-01
   9.8830000e-01  -6.0000000e-01
   9.8840000e-01  -6.0000000e-01
   9.8850000e-01  -6.0000000e-01
   9.8860000e-01  -6.0000000e-01
   9.8870000e-01  -6.0000000e-01
   9.8880000e-01  -6.0000000e-01
   9.8890000e-01  -6.0000000e-01
   9.8900000e-01  -6.0000000e-01
   9.8910000e-01  -6.0000000e-01
   9.8920000e-01  -6.0000000e-01
   9.8930000e-01  -6.0000000e-01
   9.8940000e-01  -6.0000000e-01
   9.8950000e-01  -6.0000000e-01
   9.8960000e-01  -6.0000000e-01
   9.8970000e-01  -6.0000000e-01
   9.8980000e-01  -6.0000000e-01
   9.8990000e-01  -6.0000000e-01
   9.9000000e-01  -6.0000000e-01
   9.9010000e-01  -6.0000000e-01
   9.9020000e-01  -6.0000000e-01
   9.9030000e-01  -6.0000000e-01
   9.9040000e-01  -6.0000000e-01
   9.9050000e-01  -6.0000000e-01
   9.9060000e-01  -6.0000000e-01
   9.9070000e-01  -6.0000000e-01
   9.9080000e-01  -6.0000000e-01
   9.9090000e-01  -6.0000000e-01
   9.9100000e-01  -6.0000000e-01
   9.9110000e-01  -6.0000000e-01
   9.9120000e-01  -6.0000000e-01
   9.9130000e-01  -6.0000000e-01
   9.9140000e-01  -6.0000000e-01
   9.9150000e-01  -6.0000000e-01
   9.9160000e-01  -6.0000000e-01
   9.9170000e-01  -6.0000000e-01
   9.9180000e-01  -6.0000000e-01
   9.9190000e-01  -6.0000000e-01
   9.9200000e-01  -6.0000000e-01
   9.9210000e-01  -6.0000000e-01
   9.9220000e-01  -6.0000000e-01
   9.9230000e-01  -6.0000000e-01
   9.9240000e-01  -6.0000000e-01
   9.9250000e-01  -6.0000000e-01
   9.9260000e-01  -6.0000000e-01
   9.9270000e-01  -6.0000000e-01
   9.9280000e-01  -6.0000000e-01
   9.9290000e-01  -6.0000000e-01
   9.9300000e-01  -6.0000000e-01
   9.9310000e-01  -6.0000000e-01
   9.9320000e-01  -6.0000000e-01
   9.9330000e-01  -6.0000000e-01
   9.9340000e-01  -6.0000000e-01
   9.9350000e-01   1.8181818e+00
   9.9360000e-01   1.8181818e+00
   9.9370000e-01   1.8181818e+00
   9.9380000e-01   1.8181818e+00
   9.9390000e-01   1.8181818e+00
   9.9400000e-01   1.8181818e+00
   9.9410000e-01   1.8181818e+00
   9.9420000e-01   1.8181818e+00
   9.9430000e-01   1.8181818e+00
   9.9440000e-01   1.8181818e+00
   9.9450000e-01   1.8181818e+00
   9.9460000e-01   1.8181818e+00
   9.9470000e-01   1.8181818e+00
   9.9480000e-01   1.8181818e+00
   9.9490000e-01   1.8181818e+00
   9.9500000e-01   1.8181818e+00
   9.9510000e-01   1.8181818e+00
   9.9520000e-01   1.8181818e+00
   9.9530000e-01   1.8181818e+00
   9.9540000e-01   1.8181818e+00
   9.9550000e-01   1.8181818e+00
   9.9560000e-01   1.8181818e+00
   9.9570000e-01   1.8181818e+00
   9.9580000e-01   1.8181818e+00
   9.9590000e-01   1.8181818e+00
   9.9600000e-01   1.8181818e+00
   9.9610000e-01   1.8181818e+00
   9.9620000e-01   1.8181818e+00
   9.9630000e-01   1.8181818e+00
   9.9640000e-01   1.8181818e+00
   9.9650000e-01   1.8181818e+00
   9.9660000e-01   1.8181818e+00
   9.9670000e-01   1.8181818e+00
   9.9680000e-01   1.8181818e+00
   9.9690000e-01   1.8181818e+00
   9.9700000e-01   1.8181818e+00
   9.9710000e-01   1.8181818e+00
   9.9720000e-01   1.8181818e+00
   9.9730000e-01   1.8181818e+00
   9.9740000e-01   1.8181818e+00
   9.9750000e-01   1.8181818e+00
   9.9760000e-01   1.8181818e+00
   9.9770000e-01   1.8181818e+00
   9.9780000e-01   1.8181818e+00
   9.9790000e-01   1.8181818e+00
   9.9800000e-01   1.8181818e+00
   9.9810000e-01   1.8181818e+00
   9.9820000e-01   1.8181818e+00
   9.9830000e-01   1.8181818e+00
   9.9840000e-01   1.8181818e+00
   9.9850000e-01   1.8181818e+00
   9.9860000e-01   1.8181818e+00
   9.9870000e-01   1.8181818e+00
   9.9880000e-01   1.8181818e+00
   9.9890000e-01   1.8181818e+00
   9.9900000e-01   1.8181818e+00
   9.9910000e-01   1.8181818e+00
   9.9920000e-01   1.8181818e+00
   9.9930000e-01   1.8181818e+00
   9.9940000e-01   1.8181818e+00
   9.9950000e-01   1.8181818e+00
   9.9960000e-01   1.8181818e+00
   9.9970000e-01   1.8181818e+00
   9.9980000e-01   1.8181818e+00
   9.9990000e-01   1.8181818e+00
