   7.9990000e-01   1.4618844e+01
   8.0000000e-01   1.0720953e+01
   8.0010000e-01   7.2071112e+00
   8.0020000e-01   4.1341089e+00
   8.0030000e-01   3.2566460e+00
   8.0040000e-01   5.4296505e+00
   8.0050000e-01   8.3040544e+00
   8.0060000e-01   1.1349050e+01
   8.0070000e-01   1.4412063e+01
   8.0080000e-01   1.7448829e+01
   8.0090000e-01   2.0442040e+01
   8.0100000e-01   2.3388359e+01
   8.0110000e-01   2.6290012e+01
   8.0120000e-01   2.8995627e+01
   8.0130000e-01   3.1591109e+01
   8.0140000e-01   3.4190004e+01
   8.0150000e-01   3.6799393e+01
   8.0160000e-01   3.9430920e+01
   8.0170000e-01   4.2088542e+01
   8.0180000e-01   4.4776245e+01
   8.0190000e-01   4.7497659e+01
   8.0200000e-01   5.0256298e+01
   8.0210000e-01   5.3055873e+01
   8.0220000e-01   5.5900303e+01
   8.0230000e-01   5.8793126e+01
   8.0240000e-01   6.1738521e+01
   8.0250000e-01   6.4741807e+01
   8.0260000e-01   6.7807911e+01
   8.0270000e-01   7.0942090e+01
   8.0280000e-01   7.4149900e+01
   8.0290000e-01   7.7437220e+01
   8.0300000e-01   8.0810279e+01
   8.0310000e-01   8.4255809e+01
   8.0320000e-01   8.7364512e+01
   8.0330000e-01   9.0538889e+01
   8.0340000e-01   9.3786811e+01
   8.0350000e-01   9.7752709e+01
   8.0360000e-01   1.0130966e+02
   8.0370000e-01   1.0504155e+02
   8.0380000e-01   1.0895945e+02
   8.0390000e-01   1.1307617e+02
   8.0400000e-01   1.1740781e+02
   8.0410000e-01   1.2197443e+02
   8.0420000e-01   1.2680052e+02
   8.0430000e-01   1.3191547e+02
   8.0440000e-01   1.3740705e+02
   8.0450000e-01   1.4358474e+02
   8.0460000e-01   1.5033006e+02
   8.0470000e-01   1.5763313e+02
   8.0480000e-01   1.6555571e+02
   8.0490000e-01   1.7416125e+02
   8.0500000e-01   1.8353515e+02
   8.0510000e-01   1.9378616e+02
   8.0520000e-01   2.0505010e+02
   8.0530000e-01   2.1749564e+02
   8.0540000e-01   2.3133289e+02
   8.0550000e-01   2.4682563e+02
   8.0560000e-01   2.6430844e+02
   8.0570000e-01   2.8421103e+02
   8.0580000e-01   3.0709317e+02
   8.0590000e-01   3.3369779e+02
   8.0600000e-01   3.6502617e+02
   8.0610000e-01   4.0244398e+02
   8.0620000e-01   4.4785820e+02
   8.0630000e-01   5.0397349e+02
   8.0640000e-01   5.7465768e+02
   8.0650000e-01   6.6536927e+02
   8.0660000e-01   7.8322844e+02
   8.0670000e-01   1.1358438e+03
   8.0680000e-01   2.1171986e+03
   8.0690000e-01   4.8384289e+03
   8.0700000e-01   2.2411517e+03
   8.0710000e-01   1.2067447e+03
   8.0720000e-01   8.0932505e+02
   8.0730000e-01   6.0227995e+02
   8.0740000e-01   4.7521679e+02
   8.0750000e-01   3.8909805e+02
   8.0760000e-01   3.2672819e+02
   8.0770000e-01   2.7936518e+02
   8.0780000e-01   2.4306553e+02
   8.0790000e-01   2.1380011e+02
   8.0800000e-01   1.8898933e+02
   8.0810000e-01   1.6778801e+02
   8.0820000e-01   1.4943325e+02
   8.0830000e-01   1.3340269e+02
   8.0840000e-01   1.1929355e+02
   8.0850000e-01   1.0675044e+02
   8.0860000e-01   9.5804454e+01
   8.0870000e-01   8.5700525e+01
   8.0880000e-01   7.6637180e+01
   8.0890000e-01   6.8472164e+01
   8.0900000e-01   6.1046623e+01
   8.0910000e-01   5.4291043e+01
   8.0920000e-01   4.8113880e+01
   8.0930000e-01   4.2438288e+01
   8.0940000e-01   3.7212539e+01
   8.0950000e-01   3.2391437e+01
   8.0960000e-01   2.7936294e+01
   8.0970000e-01   2.3814935e+01
   8.0980000e-01   2.0002019e+01
   8.0990000e-01   1.6089639e+01
   8.1000000e-01   1.0880391e+01
   8.1010000e-01   3.8645714e+00
   8.1020000e-01   1.4183557e+00
   8.1030000e-01   1.9131421e+00
   8.1040000e-01   5.1889835e+00
   8.1050000e-01   8.5182640e+00
   8.1060000e-01   1.1790553e+01
   8.1070000e-01   1.4982911e+01
   8.1080000e-01   1.8100483e+01
   8.1090000e-01   2.1147362e+01
   8.1100000e-01   2.4130752e+01
   8.1110000e-01   2.7058592e+01
   8.1120000e-01   2.9826545e+01
   8.1130000e-01   3.2428336e+01
   8.1140000e-01   3.5030314e+01
   8.1150000e-01   3.7660733e+01
   8.1160000e-01   4.0298146e+01
   8.1170000e-01   4.2956383e+01
   8.1180000e-01   4.5641227e+01
   8.1190000e-01   4.8357168e+01
   8.1200000e-01   5.1108264e+01
   8.1210000e-01   5.3898579e+01
   8.1220000e-01   5.6732274e+01
   8.1230000e-01   5.9613655e+01
   8.1240000e-01   6.2547205e+01
   8.1250000e-01   6.5537618e+01
   8.1260000e-01   6.8589818e+01
   8.1270000e-01   7.1708987e+01
   8.1280000e-01   7.4900581e+01
   8.1290000e-01   7.8170363e+01
   8.1300000e-01   8.1524419e+01
   8.1310000e-01   8.4889476e+01
   8.1320000e-01   8.8038199e+01
   8.1330000e-01   9.1163915e+01
   8.1340000e-01   9.4381507e+01
   8.1350000e-01   1.0271765e+02
   8.1360000e-01   1.0636632e+02
   8.1370000e-01   1.1014093e+02
   8.1380000e-01   1.1411725e+02
   8.1390000e-01   1.1829468e+02
   8.1400000e-01   1.2268827e+02
   8.1410000e-01   1.2731792e+02
   8.1420000e-01   1.3220816e+02
   8.1430000e-01   1.3738843e+02
   8.1440000e-01   1.4291917e+02
   8.1450000e-01   1.4913278e+02
   8.1460000e-01   1.5594084e+02
   8.1470000e-01   1.6330853e+02
   8.1480000e-01   1.7129562e+02
   8.1490000e-01   1.7996387e+02
   8.1500000e-01   1.8939669e+02
   8.1510000e-01   1.9970103e+02
   8.1520000e-01   2.1101041e+02
   8.1530000e-01   2.2349067e+02
   8.1540000e-01   2.3734836e+02
   8.1550000e-01   2.5284262e+02
   8.1560000e-01   2.7030193e+02
   8.1570000e-01   2.9014788e+02
   8.1580000e-01   3.1292932e+02
   8.1590000e-01   3.3937445e+02
   8.1600000e-01   3.7046477e+02
   8.1610000e-01   4.0754000e+02
   8.1620000e-01   4.5247519e+02
   8.1630000e-01   5.0794262e+02
   8.1640000e-01   5.7780231e+02
   8.1650000e-01   6.6761822e+02
   8.1660000e-01   7.8502462e+02
   8.1670000e-01   1.2070491e+03
   8.1680000e-01   1.3132181e+03
   8.1690000e-01   2.2109692e+03
   8.1700000e-01   2.7187343e+03
   8.1710000e-01   1.6539145e+03
   8.1720000e-01   1.0417723e+03
   8.1730000e-01   7.3647138e+02
   8.1740000e-01   5.6018899e+02
   8.1750000e-01   4.4638776e+02
   8.1760000e-01   3.6700984e+02
   8.1770000e-01   3.0848467e+02
   8.1780000e-01   2.6351090e+02
   8.1790000e-01   2.2782728e+02
   8.1800000e-01   1.9878442e+02
   8.1810000e-01   1.7465047e+02
   8.1820000e-01   1.5424655e+02
   8.1830000e-01   1.3674237e+02
   8.1840000e-01   1.2153675e+02
   8.1850000e-01   1.0814454e+02
   8.1860000e-01   9.6527250e+01
   8.1870000e-01   8.5824498e+01
   8.1880000e-01   7.6231591e+01
   8.1890000e-01   6.7575766e+01
   8.1900000e-01   5.9676370e+01
   8.1910000e-01   5.2458540e+01
   8.1920000e-01   4.5820630e+01
   8.1930000e-01   3.9683337e+01
   8.1940000e-01   3.3999245e+01
   8.1950000e-01   2.8733783e+01
   8.1960000e-01   2.3869229e+01
   8.1970000e-01   1.9413644e+01
   8.1980000e-01   1.5421362e+01
   8.1990000e-01   1.2039938e+01
   8.2000000e-01   9.5970790e+00
   8.2010000e-01   8.4192302e+00
   8.2020000e-01   9.3074208e+00
   8.2030000e-01   1.1283379e+01
   8.2040000e-01   1.3838101e+01
   8.2050000e-01   1.6651959e+01
   8.2060000e-01   1.9567277e+01
   8.2070000e-01   2.2509250e+01
   8.2080000e-01   2.5442304e+01
   8.2090000e-01   2.8349844e+01
   8.2100000e-01   3.1224912e+01
   8.2110000e-01   3.4065673e+01
   8.2120000e-01   3.6780591e+01
   8.2130000e-01   3.9364179e+01
   8.2140000e-01   4.1973656e+01
   8.2150000e-01   4.4542053e+01
   8.2160000e-01   4.7129356e+01
   8.2170000e-01   4.9736451e+01
   8.2180000e-01   5.2366606e+01
   8.2190000e-01   5.5023650e+01
   8.2200000e-01   5.7711563e+01
   8.2210000e-01   6.0434506e+01
   8.2220000e-01   6.3196724e+01
   8.2230000e-01   6.6002506e+01
   8.2240000e-01   6.8856218e+01
   8.2250000e-01   7.1762294e+01
   8.2260000e-01   7.4725284e+01
   8.2270000e-01   7.7749845e+01
   8.2280000e-01   8.0840767e+01
   8.2290000e-01   8.4002975e+01
   8.2300000e-01   8.7241559e+01
   8.2310000e-01   9.0465102e+01
   8.2320000e-01   9.3493334e+01
   8.2330000e-01   9.6501998e+01
   8.2340000e-01   9.9595424e+01
   8.2350000e-01   9.6679977e+01
   8.2360000e-01   9.9968637e+01
   8.2370000e-01   1.0340859e+02
   8.2380000e-01   1.0700796e+02
   8.2390000e-01   1.1077702e+02
   8.2400000e-01   1.1472901e+02
   8.2410000e-01   1.1888055e+02
   8.2420000e-01   1.2325189e+02
   8.2430000e-01   1.2786723e+02
   8.2440000e-01   1.3275516e+02
   8.2450000e-01   1.3832857e+02
   8.2460000e-01   1.4422797e+02
   8.2470000e-01   1.5063016e+02
   8.2480000e-01   1.5754897e+02
   8.2490000e-01   1.6502086e+02
   8.2500000e-01   1.7310304e+02
   8.2510000e-01   1.8187238e+02
   8.2520000e-01   1.9142576e+02
   8.2530000e-01   2.0188334e+02
   8.2540000e-01   2.1339381e+02
   8.2550000e-01   2.2614214e+02
   8.2560000e-01   2.4036047e+02
   8.2570000e-01   2.5634369e+02
   8.2580000e-01   2.7447169e+02
   8.2590000e-01   2.9524390e+02
   8.2600000e-01   3.1932807e+02
   8.2610000e-01   3.4763066e+02
   8.2620000e-01   3.8142252e+02
   8.2630000e-01   4.2253940e+02
   8.2640000e-01   4.7373043e+02
   8.2650000e-01   5.3929757e+02
   8.2660000e-01   6.4057696e+02
   8.2670000e-01   8.8616187e+02
   8.2680000e-01   2.0442736e+03
   8.2690000e-01   2.4438106e+03
   8.2700000e-01   1.5497580e+03
   8.2710000e-01   1.0035172e+03
   8.2720000e-01   7.2111374e+02
   8.2730000e-01   5.5510196e+02
   8.2740000e-01   4.4675725e+02
   8.2750000e-01   3.7060794e+02
   8.2760000e-01   3.1413619e+02
   8.2770000e-01   2.7053599e+02
   8.2780000e-01   2.3644264e+02
   8.2790000e-01   2.0898550e+02
   8.2800000e-01   1.8551948e+02
   8.2810000e-01   1.6536337e+02
   8.2820000e-01   1.4783584e+02
   8.2830000e-01   1.3246706e+02
   8.2840000e-01   1.1889198e+02
   8.2850000e-01   1.0678414e+02
   8.2860000e-01   9.6186346e+01
   8.2870000e-01   8.6376310e+01
   8.2880000e-01   7.7553199e+01
   8.2890000e-01   6.9584496e+01
   8.2900000e-01   6.2319867e+01
   8.2910000e-01   5.5694802e+01
   8.2920000e-01   4.9622365e+01
   8.2930000e-01   4.3940812e+01
   8.2940000e-01   3.8826641e+01
   8.2950000e-01   3.4069244e+01
   8.2960000e-01   2.9645625e+01
   8.2970000e-01   2.5529967e+01
   8.2980000e-01   2.1703619e+01
   8.2990000e-01   1.7507791e+01
   8.3000000e-01   1.2725981e+01
   8.3010000e-01   6.4843987e+00
   8.3020000e-01   5.1685410e+00
   8.3030000e-01   4.6312633e+00
   8.3040000e-01   5.8803718e+00
   8.3050000e-01   8.2668947e+00
   8.3060000e-01   1.1057422e+01
   8.3070000e-01   1.3974465e+01
   8.3080000e-01   1.6916125e+01
   8.3090000e-01   1.9843913e+01
   8.3100000e-01   2.2743648e+01
   8.3110000e-01   2.5611317e+01
   8.3120000e-01   2.8350528e+01
   8.3130000e-01   3.0914931e+01
   8.3140000e-01   3.3499687e+01
   8.3150000e-01   3.6097484e+01
   8.3160000e-01   3.8720203e+01
   8.3170000e-01   4.1371730e+01
   8.3180000e-01   4.4055806e+01
   8.3190000e-01   4.6775744e+01
   8.3200000e-01   4.9534788e+01
   8.3210000e-01   5.2336429e+01
   8.3220000e-01   5.5184409e+01
   8.3230000e-01   5.8082737e+01
   8.3240000e-01   6.1035691e+01
   8.3250000e-01   6.4047838e+01
   8.3260000e-01   6.7124046e+01
   8.3270000e-01   7.0269506e+01
   8.3280000e-01   7.3489746e+01
   8.3290000e-01   7.6790662e+01
   8.3300000e-01   8.0178541e+01
   8.3310000e-01   8.3472396e+01
   8.3320000e-01   8.6630775e+01
   8.3330000e-01   8.9805801e+01
   8.3340000e-01   9.3082782e+01
   8.3350000e-01   1.0008182e+02
   8.3360000e-01   1.0377560e+02
   8.3370000e-01   1.0759605e+02
   8.3380000e-01   1.1162101e+02
   8.3390000e-01   1.1585066e+02
   8.3400000e-01   1.2030119e+02
   8.3410000e-01   1.2499372e+02
   8.3420000e-01   1.2995403e+02
   8.3430000e-01   1.3521303e+02
   8.3440000e-01   1.4080744e+02
   8.3450000e-01   1.4678068e+02
   8.3460000e-01   1.5358165e+02
   8.3470000e-01   1.6089414e+02
   8.3480000e-01   1.6889262e+02
   8.3490000e-01   1.7761984e+02
   8.3500000e-01   1.8714842e+02
   8.3510000e-01   1.9758110e+02
   8.3520000e-01   2.0905112e+02
   8.3530000e-01   2.2172639e+02
   8.3540000e-01   2.3581701e+02
   8.3550000e-01   2.5158659e+02
   8.3560000e-01   2.6936828e+02
   8.3570000e-01   2.8958743e+02
   8.3580000e-01   3.1279336e+02
   8.3590000e-01   3.3970673e+02
   8.3600000e-01   3.7128295e+02
   8.3610000e-01   4.0879509e+02
   8.3620000e-01   4.5396211e+02
   8.3630000e-01   5.0909999e+02
   8.3640000e-01   5.8408703e+02
   8.3650000e-01   7.5563213e+02
   8.3660000e-01   1.0325321e+03
   8.3670000e-01   1.5590559e+03
   8.3680000e-01   2.1545842e+03
   8.3690000e-01   6.4832564e+03
   8.3700000e-01   3.1214862e+03
   8.3710000e-01   1.4469138e+03
   8.3720000e-01   9.1929259e+02
   8.3730000e-01   6.6433643e+02
   8.3740000e-01   5.1427970e+02
   8.3750000e-01   4.1534351e+02
   8.3760000e-01   3.4510466e+02
   8.3770000e-01   2.9257203e+02
   8.3780000e-01   2.5172925e+02
   8.3790000e-01   2.1995210e+02
   8.3800000e-01   1.9367752e+02
   8.3810000e-01   1.7121463e+02
   8.3820000e-01   1.5182823e+02
   8.3830000e-01   1.3495507e+02
   8.3840000e-01   1.2015693e+02
   8.3850000e-01   1.0704873e+02
   8.3860000e-01   9.5650878e+01
   8.3870000e-01   8.5167670e+01
   8.3880000e-01   7.5799679e+01
   8.3890000e-01   6.7393323e+01
   8.3900000e-01   5.9779745e+01
   8.3910000e-01   5.2884175e+01
   8.3920000e-01   4.6610532e+01
   8.3930000e-01   4.0879867e+01
   8.3940000e-01   3.5640792e+01
   8.3950000e-01   3.0851097e+01
   8.3960000e-01   2.6478773e+01
   8.3970000e-01   2.2503857e+01
   8.3980000e-01   1.7513719e+01
   8.3990000e-01   1.2617489e+01
   8.4000000e-01   8.3943628e+00
   8.4010000e-01   5.0828725e+00
   8.4020000e-01   3.6406976e+00
   8.4030000e-01   5.5147034e+00
   8.4040000e-01   8.5710870e+00
   8.4050000e-01   1.1795811e+01
   8.4060000e-01   1.5005600e+01
   8.4070000e-01   1.8159512e+01
   8.4080000e-01   2.1249131e+01
   8.4090000e-01   2.4276167e+01
   8.4100000e-01   2.7245552e+01
   8.4110000e-01   3.0163219e+01
   8.4120000e-01   3.2977053e+01
   8.4130000e-01   3.5589696e+01
   8.4140000e-01   3.8214201e+01
   8.4150000e-01   4.0835593e+01
   8.4160000e-01   4.3468238e+01
   8.4170000e-01   4.6118226e+01
   8.4180000e-01   4.8791125e+01
   8.4190000e-01   5.1491684e+01
   8.4200000e-01   5.4224287e+01
   8.4210000e-01   5.6993283e+01
   8.4220000e-01   5.9791374e+01
   8.4230000e-01   6.2658143e+01
   8.4240000e-01   6.5566804e+01
   8.4250000e-01   6.8522690e+01
   8.4260000e-01   7.1539273e+01
   8.4270000e-01   7.4620869e+01
   8.4280000e-01   7.7772229e+01
   8.4290000e-01   8.0998560e+01
   8.4300000e-01   8.4319276e+01
   8.4310000e-01   8.7535247e+01
   8.4320000e-01   9.0559989e+01
   8.4330000e-01   9.3635367e+01
   8.4340000e-01   9.6820493e+01
   8.4350000e-01   9.7130105e+01
   8.4360000e-01   1.0058677e+02
   8.4370000e-01   1.0415435e+02
   8.4380000e-01   1.0790402e+02
   8.4390000e-01   1.1183507e+02
   8.4400000e-01   1.1596148e+02
   8.4410000e-01   1.2030156e+02
   8.4420000e-01   1.2487772e+02
   8.4430000e-01   1.2971672e+02
   8.4440000e-01   1.3485022e+02
   8.4450000e-01   1.4064273e+02
   8.4460000e-01   1.4686846e+02
   8.4470000e-01   1.5363969e+02
   8.4480000e-01   1.6097546e+02
   8.4490000e-01   1.6892114e+02
   8.4500000e-01   1.7754458e+02
   8.4510000e-01   1.8693524e+02
   8.4520000e-01   1.9720580e+02
   8.4530000e-01   2.0849636e+02
   8.4540000e-01   2.2098110e+02
   8.4550000e-01   2.3487785e+02
   8.4560000e-01   2.5046180e+02
   8.4570000e-01   2.6808490e+02
   8.4580000e-01   2.8820405e+02
   8.4590000e-01   3.1142453e+02
   8.4600000e-01   3.3856249e+02
   8.4610000e-01   3.7073604e+02
   8.4620000e-01   4.0952611e+02
   8.4630000e-01   4.5723361e+02
   8.4640000e-01   5.1732167e+02
   8.4650000e-01   5.9520483e+02
   8.4660000e-01   7.4870724e+02
   8.4670000e-01   1.1057682e+03
   8.4680000e-01   2.3611518e+03
   8.4690000e-01   3.4221533e+03
   8.4700000e-01   1.8230417e+03
   8.4710000e-01   1.0923159e+03
   8.4720000e-01   7.6135283e+02
   8.4730000e-01   5.7713320e+02
   8.4740000e-01   4.6023237e+02
   8.4750000e-01   3.7943496e+02
   8.4760000e-01   3.2017543e+02
   8.4770000e-01   2.7477963e+02
   8.4780000e-01   2.3928392e+02
   8.4790000e-01   2.1111046e+02
   8.4800000e-01   1.8704184e+02
   8.4810000e-01   1.6641693e+02
   8.4820000e-01   1.4851777e+02
   8.4830000e-01   1.3285100e+02
   8.4840000e-01   1.1903480e+02
   8.4850000e-01   1.0673003e+02
   8.4860000e-01   9.5974477e+01
   8.4870000e-01   8.6031016e+01
   8.4880000e-01   7.7098805e+01
   8.4890000e-01   6.9040981e+01
   8.4900000e-01   6.1703312e+01
   8.4910000e-01   5.5019013e+01
   8.4920000e-01   4.8898994e+01
   8.4930000e-01   4.3268127e+01
   8.4940000e-01   3.8075664e+01
   8.4950000e-01   3.3276839e+01
   8.4960000e-01   2.8832724e+01
   8.4970000e-01   2.4710004e+01
   8.4980000e-01   2.0880797e+01
   8.4990000e-01   1.6295341e+01
   8.5000000e-01   1.1512256e+01
   8.5010000e-01   7.3554152e+00
   8.5020000e-01   3.9939582e+00
   8.5030000e-01   2.6363455e+00
   8.5040000e-01   4.9219142e+00
   8.5050000e-01   8.0324219e+00
   8.5060000e-01   1.1202683e+01
   8.5070000e-01   1.4332016e+01
   8.5080000e-01   1.7402229e+01
   8.5090000e-01   2.0413158e+01
   8.5100000e-01   2.3369424e+01
   8.5110000e-01   2.6276981e+01
   8.5120000e-01   2.9055110e+01
   8.5130000e-01   3.1642403e+01
   8.5140000e-01   3.4245946e+01
   8.5150000e-01   3.6857079e+01
   8.5160000e-01   3.9488875e+01
   8.5170000e-01   4.2146023e+01
   8.5180000e-01   4.4832916e+01
   8.5190000e-01   4.7553352e+01
   8.5200000e-01   5.0310953e+01
   8.5210000e-01   5.3109484e+01
   8.5220000e-01   5.5952890e+01
   8.5230000e-01   5.8845311e+01
   8.5240000e-01   6.1791110e+01
   8.5250000e-01   6.4794894e+01
   8.5260000e-01   6.7861528e+01
   8.5270000e-01   7.0996164e+01
   8.5280000e-01   7.4204259e+01
   8.5290000e-01   7.7491604e+01
   8.5300000e-01   8.0864349e+01
   8.5310000e-01   8.4187637e+01
   8.5320000e-01   8.7287170e+01
   8.5330000e-01   9.0429002e+01
   8.5340000e-01   9.3682794e+01
   8.5350000e-01   9.7666775e+01
   8.5360000e-01   1.0127317e+02
   8.5370000e-01   1.0500239e+02
   8.5380000e-01   1.0892922e+02
   8.5390000e-01   1.1305395e+02
   8.5400000e-01   1.1739197e+02
   8.5410000e-01   1.2196346e+02
   8.5420000e-01   1.2679323e+02
   8.5430000e-01   1.3191095e+02
   8.5440000e-01   1.3735188e+02
   8.5450000e-01   1.4339189e+02
   8.5460000e-01   1.5005066e+02
   8.5470000e-01   1.5729840e+02
   8.5480000e-01   1.6516880e+02
   8.5490000e-01   1.7372104e+02
   8.5500000e-01   1.8303755e+02
   8.5510000e-01   1.9322447e+02
   8.5520000e-01   2.0441490e+02
   8.5530000e-01   2.1677445e+02
   8.5540000e-01   2.3050943e+02
   8.5550000e-01   2.4587865e+02
   8.5560000e-01   2.6321004e+02
   8.5570000e-01   2.8292400e+02
   8.5580000e-01   3.0556701e+02
   8.5590000e-01   3.3186249e+02
   8.5600000e-01   3.6278217e+02
   8.5610000e-01   3.9964591e+02
   8.5620000e-01   4.4428702e+02
   8.5630000e-01   4.9928772e+02
   8.5640000e-01   5.6830596e+02
   8.5650000e-01   6.5643396e+02
   8.5660000e-01   8.5106939e+02
   8.5670000e-01   1.3084730e+03
   8.5680000e-01   2.4803112e+03
   8.5690000e-01   5.7064336e+03
   8.5700000e-01   2.1958104e+03
   8.5710000e-01   1.1937795e+03
   8.5720000e-01   8.0511767e+02
   8.5730000e-01   6.0067369e+02
   8.5740000e-01   4.7453004e+02
   8.5750000e-01   3.8877892e+02
   8.5760000e-01   3.2656933e+02
   8.5770000e-01   2.7928114e+02
   8.5780000e-01   2.4204684e+02
   8.5790000e-01   2.1239718e+02
   8.5800000e-01   1.8790463e+02
   8.5810000e-01   1.6705102e+02
   8.5820000e-01   1.4894127e+02
   8.5830000e-01   1.3309072e+02
   8.5840000e-01   1.1911886e+02
   8.5850000e-01   1.0668418e+02
   8.5860000e-01   9.5823519e+01
   8.5870000e-01   8.5790593e+01
   8.5880000e-01   7.6786353e+01
   8.5890000e-01   6.8671208e+01
   8.5900000e-01   6.1288552e+01
   8.5910000e-01   5.4570180e+01
   8.5920000e-01   4.8425616e+01
   8.5930000e-01   4.2778817e+01
   8.5940000e-01   3.7578573e+01
   8.5950000e-01   3.2780094e+01
   8.5960000e-01   2.8345028e+01
   8.5970000e-01   2.3551008e+01
   8.5980000e-01   1.8479166e+01
   8.5990000e-01   1.3951397e+01
   8.6000000e-01   9.7836149e+00
   8.6010000e-01   3.3033083e+00
   8.6020000e-01   2.0802316e+00
   8.6030000e-01   3.9546098e+00
   8.6040000e-01   6.2473117e+00
   8.6050000e-01   9.0819341e+00
   8.6060000e-01   1.2112073e+01
   8.6070000e-01   1.5179010e+01
   8.6080000e-01   1.8221786e+01
   8.6090000e-01   2.1225190e+01
   8.6100000e-01   2.4182149e+01
   8.6110000e-01   2.7093267e+01
   8.6120000e-01   2.9911667e+01
   8.6130000e-01   3.2505963e+01
   8.6140000e-01   3.5119188e+01
   8.6150000e-01   3.7736141e+01
   8.6160000e-01   4.0427453e+01
   8.6170000e-01   4.3050919e+01
   8.6180000e-01   4.5700471e+01
   8.6190000e-01   4.8421911e+01
   8.6200000e-01   5.1177057e+01
   8.6210000e-01   5.3964215e+01
   8.6220000e-01   5.6795748e+01
   8.6230000e-01   5.9675535e+01
   8.6240000e-01   6.2607763e+01
   8.6250000e-01   6.5596992e+01
   8.6260000e-01   6.8648091e+01
   8.6270000e-01   7.1766212e+01
   8.6280000e-01   7.4956802e+01
   8.6290000e-01   7.8225611e+01
   8.6300000e-01   8.1512037e+01
   8.6310000e-01   8.4783373e+01
   8.6320000e-01   8.7875454e+01
   8.6330000e-01   9.1011199e+01
   8.6340000e-01   9.4257992e+01
   8.6350000e-01   9.7648015e+01
   8.6360000e-01   1.0119467e+02
   8.6370000e-01   1.0490768e+02
   8.6380000e-01   1.0879768e+02
   8.6390000e-01   1.1287791e+02
   8.6400000e-01   1.1716498e+02
   8.6410000e-01   1.2167927e+02
   8.6420000e-01   1.2644531e+02
   8.6430000e-01   1.3149225e+02
   8.6440000e-01   1.3685454e+02
   8.6450000e-01   1.4274820e+02
   8.6460000e-01   1.4929067e+02
   8.6470000e-01   1.5640727e+02
   8.6480000e-01   1.6412798e+02
   8.6490000e-01   1.7250948e+02
   8.6500000e-01   1.8163040e+02
   8.6510000e-01   1.9159236e+02
   8.6520000e-01   2.0252264e+02
   8.6530000e-01   2.1457950e+02
   8.6540000e-01   2.2796005e+02
   8.6550000e-01   2.4291144e+02
   8.6560000e-01   2.5974666e+02
   8.6570000e-01   2.7886697e+02
   8.6580000e-01   3.0079413e+02
   8.6590000e-01   3.2621969e+02
   8.6600000e-01   3.5607490e+02
   8.6610000e-01   3.9163041e+02
   8.6620000e-01   4.3466581e+02
   8.6630000e-01   4.8772420e+02
   8.6640000e-01   5.5450389e+02
   8.6650000e-01   6.4042066e+02
   8.6660000e-01   8.5856205e+02
   8.6670000e-01   1.3174675e+03
   8.6680000e-01   2.5960788e+03
   8.6690000e-01   5.8886889e+03
   8.6700000e-01   2.1879622e+03
   8.6710000e-01   1.1916326e+03
   8.6720000e-01   8.0445386e+02
   8.6730000e-01   6.0044170e+02
   8.6740000e-01   4.7444503e+02
   8.6750000e-01   3.8874847e+02
   8.6760000e-01   3.2656005e+02
   8.6770000e-01   2.7927981e+02
   8.6780000e-01   2.4254762e+02
   8.6790000e-01   2.1351455e+02
   8.6800000e-01   1.8878303e+02
   8.6810000e-01   1.6764122e+02
   8.6820000e-01   1.4933222e+02
   8.6830000e-01   1.3333684e+02
   8.6840000e-01   1.1925503e+02
   8.6850000e-01   1.0673342e+02
   8.6860000e-01   9.5804129e+01
   8.6870000e-01   8.5713625e+01
   8.6880000e-01   7.6661006e+01
   8.6890000e-01   6.8504569e+01
   8.6900000e-01   6.1085969e+01
   8.6910000e-01   5.4336068e+01
   8.6920000e-01   4.8163580e+01
   8.6930000e-01   4.2491913e+01
   8.6940000e-01   3.7269532e+01
   8.6950000e-01   3.2451414e+01
   8.6960000e-01   2.7999038e+01
   8.6970000e-01   2.3880396e+01
   8.6980000e-01   2.0070337e+01
   8.6990000e-01   1.5549060e+01
   8.7000000e-01   1.0610654e+01
   8.7010000e-01   3.9997627e+00
   8.7020000e-01   1.8410766e+00
   8.7030000e-01   2.5363433e+00
   8.7040000e-01   5.5354030e+00
   8.7050000e-01   8.7443699e+00
   8.7060000e-01   1.1945583e+01
   8.7070000e-01   1.5093697e+01
   8.7080000e-01   1.8178915e+01
   8.7090000e-01   2.1202450e+01
   8.7100000e-01   2.4169228e+01
   8.7110000e-01   2.7085345e+01
   8.7120000e-01   2.9923006e+01
   8.7130000e-01   3.2518148e+01
   8.7140000e-01   3.5167687e+01
   8.7150000e-01   3.7810523e+01
   8.7160000e-01   4.0408251e+01
   8.7170000e-01   4.3057072e+01
   8.7180000e-01   4.5732481e+01
   8.7190000e-01   4.8439480e+01
   8.7200000e-01   5.1185805e+01
   8.7210000e-01   5.3973263e+01
   8.7220000e-01   5.6804948e+01
   8.7230000e-01   5.9684710e+01
   8.7240000e-01   6.2616839e+01
   8.7250000e-01   6.5605941e+01
   8.7260000e-01   6.8656905e+01
   8.7270000e-01   7.1774891e+01
   8.7280000e-01   7.4965346e+01
   8.7290000e-01   7.8234020e+01
   8.7300000e-01   8.1527985e+01
   8.7310000e-01   8.4748860e+01
   8.7320000e-01   8.7828455e+01
   8.7330000e-01   9.0974025e+01
   8.7340000e-01   9.4230339e+01
   8.7350000e-01   9.7627577e+01
   8.7360000e-01   1.0120984e+02
   8.7370000e-01   1.0490777e+02
   8.7380000e-01   1.0879683e+02
   8.7390000e-01   1.1287747e+02
   8.7400000e-01   1.1716524e+02
   8.7410000e-01   1.2168025e+02
   8.7420000e-01   1.2644696e+02
   8.7430000e-01   1.3149449e+02
   8.7440000e-01   1.3685729e+02
   8.7450000e-01   1.4269689e+02
   8.7460000e-01   1.4923057e+02
   8.7470000e-01   1.5634044e+02
   8.7480000e-01   1.6405281e+02
   8.7490000e-01   1.7242485e+02
   8.7500000e-01   1.8153503e+02
   8.7510000e-01   1.9148485e+02
   8.7520000e-01   2.0240118e+02
   8.7530000e-01   2.1444175e+02
   8.7540000e-01   2.2780298e+02
   8.7550000e-01   2.4273112e+02
   8.7560000e-01   2.5953794e+02
   8.7570000e-01   2.7862302e+02
   8.7580000e-01   3.0050569e+02
   8.7590000e-01   3.2587400e+02
   8.7600000e-01   3.5565389e+02
   8.7610000e-01   3.9110778e+02
   8.7620000e-01   4.3400205e+02
   8.7630000e-01   4.8685772e+02
   8.7640000e-01   5.5333487e+02
   8.7650000e-01   6.3878049e+02
   8.7660000e-01   8.7949341e+02
   8.7670000e-01   1.3444954e+03
   8.7680000e-01   2.6712217e+03
   8.7690000e-01   6.0544026e+03
   8.7700000e-01   2.1808059e+03
   8.7710000e-01   1.1895326e+03
   8.7720000e-01   8.0373690e+02
   8.7730000e-01   6.0015466e+02
   8.7740000e-01   4.7431698e+02
   8.7750000e-01   3.8868636e+02
   8.7760000e-01   3.2652783e+02
   8.7770000e-01   2.7926217e+02
   8.7780000e-01   2.4215593e+02
   8.7790000e-01   2.1314481e+02
   8.7800000e-01   1.8859701e+02
   8.7810000e-01   1.6751962e+02
   8.7820000e-01   1.4925215e+02
   8.7830000e-01   1.3328661e+02
   8.7840000e-01   1.1922721e+02
   8.7850000e-01   1.0672318e+02
   8.7860000e-01   9.5807680e+01
   8.7870000e-01   8.5728735e+01
   8.7880000e-01   7.6685812e+01
   8.7890000e-01   6.8537678e+01
   8.7900000e-01   6.1126358e+01
   8.7910000e-01   5.4382924e+01
   8.7920000e-01   4.8216287e+01
   8.7930000e-01   4.2549992e+01
   8.7940000e-01   3.7332599e+01
   8.7950000e-01   3.2519165e+01
   8.7960000e-01   2.8071239e+01
   8.7970000e-01   2.3956895e+01
   8.7980000e-01   2.0151087e+01
   8.7990000e-01   1.4993125e+01
   8.8000000e-01   1.0316051e+01
   8.8010000e-01   4.8971046e+00
   8.8020000e-01   1.5657837e+00
   8.8030000e-01   2.4867044e+00
   8.8040000e-01   5.5871288e+00
   8.8050000e-01   8.7765159e+00
   8.8060000e-01   1.1952539e+01
   8.8070000e-01   1.5088195e+01
   8.8080000e-01   1.8169239e+01
   8.8090000e-01   2.1192707e+01
   8.8100000e-01   2.4160924e+01
   8.8110000e-01   2.7078847e+01
   8.8120000e-01   2.9933788e+01
   8.8130000e-01   3.2537174e+01
   8.8140000e-01   3.5154114e+01
   8.8150000e-01   3.7781203e+01
   8.8160000e-01   4.0401941e+01
   8.8170000e-01   4.3052068e+01
   8.8180000e-01   4.5732493e+01
   8.8190000e-01   4.8445568e+01
   8.8200000e-01   5.1194484e+01
   8.8210000e-01   5.3982945e+01
   8.8220000e-01   5.6814963e+01
   8.8230000e-01   5.9694776e+01
   8.8240000e-01   6.2626843e+01
   8.8250000e-01   6.5615840e+01
   8.8260000e-01   6.8666682e+01
   8.8270000e-01   7.1784541e+01
   8.8280000e-01   7.4974867e+01
   8.8290000e-01   7.8243410e+01
   8.8300000e-01   8.1474488e+01
   8.8310000e-01   8.4593687e+01
   8.8320000e-01   8.7756965e+01
   8.8330000e-01   9.0932353e+01
   8.8340000e-01   9.4204883e+01
   8.8350000e-01   1.0004006e+02
   8.8360000e-01   1.0367536e+02
   8.8370000e-01   1.0742515e+02
   8.8380000e-01   1.1136762e+02
   8.8390000e-01   1.1550318e+02
   8.8400000e-01   1.1984798e+02
   8.8410000e-01   1.2442268e+02
   8.8420000e-01   1.2925218e+02
   8.8430000e-01   1.3436612e+02
   8.8440000e-01   1.3979949e+02
   8.8450000e-01   1.4559355e+02
   8.8460000e-01   1.5205297e+02
   8.8470000e-01   1.5914508e+02
   8.8480000e-01   1.6687112e+02
   8.8490000e-01   1.7527463e+02
   8.8500000e-01   1.8442637e+02
   8.8510000e-01   1.9442314e+02
   8.8520000e-01   2.0538852e+02
   8.8530000e-01   2.1747747e+02
   8.8540000e-01   2.3088359e+02
   8.8550000e-01   2.4584959e+02
   8.8560000e-01   2.6268241e+02
   8.8570000e-01   2.8177446e+02
   8.8580000e-01   3.0363414e+02
   8.8590000e-01   3.2893217e+02
   8.8600000e-01   3.5856605e+02
   8.8610000e-01   3.9375033e+02
   8.8620000e-01   4.3616771e+02
   8.8630000e-01   4.8818668e+02
   8.8640000e-01   5.7090946e+02
   8.8650000e-01   7.3020364e+02
   8.8660000e-01   9.8828092e+02
   8.8670000e-01   1.5107942e+03
   8.8680000e-01   2.1662101e+03
   8.8690000e-01   6.4081741e+03
   8.8700000e-01   3.0976209e+03
   8.8710000e-01   1.4441842e+03
   8.8720000e-01   9.1865208e+02
   8.8730000e-01   6.6414371e+02
   8.8740000e-01   5.1421873e+02
   8.8750000e-01   4.1532781e+02
   8.8760000e-01   3.4510573e+02
   8.8770000e-01   2.9257928e+02
   8.8780000e-01   2.5209212e+02
   8.8790000e-01   2.2071350e+02
   8.8800000e-01   1.9412941e+02
   8.8810000e-01   1.7151856e+02
   8.8820000e-01   1.5203029e+02
   8.8830000e-01   1.3508159e+02
   8.8840000e-01   1.2022481e+02
   8.8850000e-01   1.0706888e+02
   8.8860000e-01   9.5631572e+01
   8.8870000e-01   8.5113166e+01
   8.8880000e-01   7.5713644e+01
   8.8890000e-01   6.7278226e+01
   8.8900000e-01   5.9637420e+01
   8.8910000e-01   5.2716173e+01
   8.8920000e-01   4.6418128e+01
   8.8930000e-01   4.0664242e+01
   8.8940000e-01   3.5403192e+01
   8.8950000e-01   3.0592926e+01
   8.8960000e-01   2.6201698e+01
   8.8970000e-01   2.2209998e+01
   8.8980000e-01   1.8614272e+01
   8.8990000e-01   1.3783580e+01
   8.9000000e-01   9.1014149e+00
   8.9010000e-01   5.4313922e+00
   8.9020000e-01   3.8622389e+00
   8.9030000e-01   6.1168407e+00
   8.9040000e-01   8.8192617e+00
   8.9050000e-01   1.1884951e+01
   8.9060000e-01   1.5030399e+01
   8.9070000e-01   1.8156938e+01
   8.9080000e-01   2.1238556e+01
   8.9090000e-01   2.4264972e+01
   8.9100000e-01   2.7236109e+01
   8.9110000e-01   3.0155962e+01
   8.9120000e-01   3.3023633e+01
   8.9130000e-01   3.5679951e+01
   8.9140000e-01   3.8270020e+01
   8.9150000e-01   4.0885547e+01
   8.9160000e-01   4.3515655e+01
   8.9170000e-01   4.6164202e+01
   8.9180000e-01   4.8836060e+01
   8.9190000e-01   5.1535680e+01
   8.9200000e-01   5.4267377e+01
   8.9210000e-01   5.7035488e+01
   8.9220000e-01   5.9844385e+01
   8.9230000e-01   6.2698505e+01
   8.9240000e-01   6.5602380e+01
   8.9250000e-01   6.8560668e+01
   8.9260000e-01   7.1578182e+01
   8.9270000e-01   7.4659911e+01
   8.9280000e-01   7.7811041e+01
   8.9290000e-01   8.1019949e+01
   8.9300000e-01   8.4334010e+01
   8.9310000e-01   8.7390365e+01
   8.9320000e-01   9.0435140e+01
   8.9330000e-01   9.3532715e+01
   8.9340000e-01   9.6742409e+01
   8.9350000e-01   9.7072977e+01
   8.9360000e-01   1.0051615e+02
   8.9370000e-01   1.0411353e+02
   8.9380000e-01   1.0787528e+02
   8.9390000e-01   1.1181410e+02
   8.9400000e-01   1.1594576e+02
   8.9410000e-01   1.2028944e+02
   8.9420000e-01   1.2486808e+02
   8.9430000e-01   1.2970878e+02
   8.9440000e-01   1.3484345e+02
   8.9450000e-01   1.4030954e+02
   8.9460000e-01   1.4615119e+02
   8.9470000e-01   1.5242059e+02
   8.9480000e-01   1.5917981e+02
   8.9490000e-01   1.6650343e+02
   8.9500000e-01   1.7448080e+02
   8.9510000e-01   1.8322171e+02
   8.9520000e-01   1.9286103e+02
   8.9530000e-01   2.0356681e+02
   8.9540000e-01   2.1555122e+02
   8.9550000e-01   2.2908603e+02
   8.9560000e-01   2.4452516e+02
   8.9570000e-01   2.6233834e+02
   8.9580000e-01   2.8316285e+02
   8.9590000e-01   3.0789092e+02
   8.9600000e-01   3.3779308e+02
   8.9610000e-01   3.7475910e+02
   8.9620000e-01   4.2172521e+02
   8.9630000e-01   4.8351143e+02
   8.9640000e-01   5.6861373e+02
   8.9650000e-01   6.9350948e+02
   8.9660000e-01   8.9478745e+02
   8.9670000e-01   1.2723890e+03
   8.9680000e-01   3.3594971e+03
   8.9690000e-01   3.9714531e+03
   8.9700000e-01   1.7963597e+03
   8.9710000e-01   1.0786330e+03
   8.9720000e-01   7.5595457e+02
   8.9730000e-01   5.7485523e+02
   8.9740000e-01   4.5920076e+02
   8.9750000e-01   3.7893936e+02
   8.9760000e-01   3.1992466e+02
   8.9770000e-01   2.7464618e+02
   8.9780000e-01   2.3886421e+02
   8.9790000e-01   2.1080764e+02
   8.9800000e-01   1.8683931e+02
   8.9810000e-01   1.6627841e+02
   8.9820000e-01   1.4842353e+02
   8.9830000e-01   1.3278913e+02
   8.9840000e-01   1.1899727e+02
   8.9850000e-01   1.0671113e+02
   8.9860000e-01   9.5969664e+01
   8.9870000e-01   8.6036986e+01
   8.9880000e-01   7.7112894e+01
   8.9890000e-01   6.9061029e+01
   8.9900000e-01   6.1727611e+01
   8.9910000e-01   5.5046261e+01
   8.9920000e-01   4.8928137e+01
   8.9930000e-01   4.3298382e+01
   8.9940000e-01   3.8106475e+01
   8.9950000e-01   3.3307855e+01
   8.9960000e-01   2.8863788e+01
   8.9970000e-01   2.4741151e+01
   8.9980000e-01   2.0912262e+01
   8.9990000e-01   1.5876096e+01
   9.0000000e-01   1.1313086e+01
   9.0010000e-01   5.4540995e+00
   9.0020000e-01   3.8302582e+00
   9.0030000e-01   3.5920676e+00
   9.0040000e-01   5.5889567e+00
   9.0050000e-01   8.4142133e+00
   9.0060000e-01   1.1432547e+01
   9.0070000e-01   1.4476680e+01
   9.0080000e-01   1.7496268e+01
   9.0090000e-01   2.0475702e+01
   9.0100000e-01   2.3411730e+01
   9.0110000e-01   2.6305981e+01
   9.0120000e-01   2.9144893e+01
   9.0130000e-01   3.1757144e+01
   9.0140000e-01   3.4338020e+01
   9.0150000e-01   3.6941171e+01
   9.0160000e-01   3.9568697e+01
   9.0170000e-01   4.2223139e+01
   9.0180000e-01   4.4908034e+01
   9.0190000e-01   4.7626794e+01
   9.0200000e-01   5.0382900e+01
   9.0210000e-01   5.3161876e+01
   9.0220000e-01   5.6046068e+01
   9.0230000e-01   5.8920361e+01
   9.0240000e-01   6.1857818e+01
   9.0250000e-01   6.4856609e+01
   9.0260000e-01   6.7919791e+01
   9.0270000e-01   7.1051796e+01
   9.0280000e-01   7.4257811e+01
   9.0290000e-01   7.7543537e+01
   9.0300000e-01   8.0859627e+01
   9.0310000e-01   8.4027346e+01
   9.0320000e-01   8.7124459e+01
   9.0330000e-01   9.0286867e+01
   9.0340000e-01   9.3571945e+01
   9.0350000e-01   9.7583557e+01
   9.0360000e-01   1.0118199e+02
   9.0370000e-01   1.0494731e+02
   9.0380000e-01   1.0889083e+02
   9.0390000e-01   1.1302668e+02
   9.0400000e-01   1.1737241e+02
   9.0410000e-01   1.2194933e+02
   9.0420000e-01   1.2678294e+02
   9.0430000e-01   1.3190340e+02
   9.0440000e-01   1.3734628e+02
   9.0450000e-01   1.4315349e+02
   9.0460000e-01   1.4954057e+02
   9.0470000e-01   1.5666079e+02
   9.0480000e-01   1.6441786e+02
   9.0490000e-01   1.7285750e+02
   9.0500000e-01   1.8205468e+02
   9.0510000e-01   1.9210992e+02
   9.0520000e-01   2.0315017e+02
   9.0530000e-01   2.1533420e+02
   9.0540000e-01   2.2886013e+02
   9.0550000e-01   2.4397632e+02
   9.0560000e-01   2.6099666e+02
   9.0570000e-01   2.8032229e+02
   9.0580000e-01   3.0247232e+02
   9.0590000e-01   3.2813028e+02
   9.0600000e-01   3.5820803e+02
   9.0610000e-01   3.9393340e+02
   9.0620000e-01   4.3699356e+02
   9.0630000e-01   4.8973137e+02
   9.0640000e-01   5.7784024e+02
   9.0650000e-01   7.4240496e+02
   9.0660000e-01   1.0112637e+03
   9.0670000e-01   1.5506290e+03
   9.0680000e-01   3.0970972e+03
   9.0690000e-01   6.8053061e+03
   9.0700000e-01   2.1414847e+03
   9.0710000e-01   1.1793407e+03
   9.0720000e-01   8.0042611e+02
   9.0730000e-01   5.9888347e+02
   9.0740000e-01   4.7377235e+02
   9.0750000e-01   3.8843454e+02
   9.0760000e-01   3.2640451e+02
   9.0770000e-01   2.7919880e+02
   9.0780000e-01   2.4200424e+02
   9.0790000e-01   2.1245565e+02
   9.0800000e-01   1.8821705e+02
   9.0810000e-01   1.6731461e+02
   9.0820000e-01   1.4915044e+02
   9.0830000e-01   1.3323420e+02
   9.0840000e-01   1.1920124e+02
   9.0850000e-01   1.0671350e+02
   9.0860000e-01   9.5808584e+01
   9.0870000e-01   8.5736705e+01
   9.0880000e-01   7.6698762e+01
   9.0890000e-01   6.8553942e+01
   9.0900000e-01   6.1144719e+01
   9.0910000e-01   5.4402456e+01
   9.0920000e-01   4.8236257e+01
   9.0930000e-01   4.2569868e+01
   9.0940000e-01   3.7352019e+01
   9.0950000e-01   3.2537930e+01
   9.0960000e-01   2.8089305e+01
   9.0970000e-01   2.3974371e+01
   9.0980000e-01   2.0006014e+01
   9.0990000e-01   1.4745074e+01
   9.1000000e-01   1.0193239e+01
   9.1010000e-01   3.7798584e+00
   9.1020000e-01   1.8348998e+00
   9.1030000e-01   3.9541667e+00
   9.1040000e-01   6.1692424e+00
   9.1050000e-01   8.9656395e+00
   9.1060000e-01   1.2020965e+01
   9.1070000e-01   1.5109454e+01
   9.1080000e-01   1.8174573e+01
   9.1090000e-01   2.1193304e+01
   9.1100000e-01   2.4160616e+01
   9.1110000e-01   2.7078734e+01
   9.1120000e-01   2.9952611e+01
   9.1130000e-01   3.2624767e+01
   9.1140000e-01   3.5199133e+01
   9.1150000e-01   3.7809478e+01
   9.1160000e-01   4.0436247e+01
   9.1170000e-01   4.3085852e+01
   9.1180000e-01   4.5766163e+01
   9.1190000e-01   4.8479415e+01
   9.1200000e-01   5.1228680e+01
   9.1210000e-01   5.4017605e+01
   9.1220000e-01   5.6850163e+01
   9.1230000e-01   5.9730563e+01
   9.1240000e-01   6.2663227e+01
   9.1250000e-01   6.5652800e+01
   9.1260000e-01   6.8704159e+01
   9.1270000e-01   7.1822437e+01
   9.1280000e-01   7.5013041e+01
   9.1290000e-01   7.8281681e+01
   9.1300000e-01   8.1514221e+01
   9.1310000e-01   8.4634355e+01
   9.1320000e-01   8.7727817e+01
   9.1330000e-01   9.0884091e+01
   9.1340000e-01   9.4158894e+01
   9.1350000e-01   9.7573596e+01
   9.1360000e-01   1.0117036e+02
   9.1370000e-01   1.0487924e+02
   9.1380000e-01   1.0877674e+02
   9.1390000e-01   1.1286362e+02
   9.1400000e-01   1.1715598e+02
   9.1410000e-01   1.2167435e+02
   9.1420000e-01   1.2644353e+02
   9.1430000e-01   1.3149289e+02
   9.1440000e-01   1.3685706e+02
   9.1450000e-01   1.4266907e+02
   9.1460000e-01   1.4918743e+02
   9.1470000e-01   1.5628741e+02
   9.1480000e-01   1.6399067e+02
   9.1490000e-01   1.7235356e+02
   9.1500000e-01   1.8145422e+02
   9.1510000e-01   1.9139352e+02
   9.1520000e-01   2.0229789e+02
   9.1530000e-01   2.1432454e+02
   9.1540000e-01   2.2766931e+02
   9.1550000e-01   2.4257767e+02
   9.1560000e-01   2.5936035e+02
   9.1570000e-01   2.7841549e+02
   9.1580000e-01   3.0026038e+02
   9.1590000e-01   3.2558008e+02
   9.1600000e-01   3.5529600e+02
   9.1610000e-01   3.9066356e+02
   9.1620000e-01   4.3343788e+02
   9.1630000e-01   4.8612115e+02
   9.1640000e-01   5.5234072e+02
   9.1650000e-01   6.4895627e+02
   9.1660000e-01   8.9578782e+02
   9.1670000e-01   1.3729134e+03
   9.1680000e-01   2.7352534e+03
   9.1690000e-01   6.1409311e+03
   9.1700000e-01   2.1538048e+03
   9.1710000e-01   1.1834374e+03
   9.1720000e-01   8.0179138e+02
   9.1730000e-01   5.9952873e+02
   9.1740000e-01   4.7406760e+02
   9.1750000e-01   3.8856495e+02
   9.1760000e-01   3.2645760e+02
   9.1770000e-01   2.7921567e+02
   9.1780000e-01   2.4200440e+02
   9.1790000e-01   2.1194173e+02
   9.1800000e-01   1.8769090e+02
   9.1810000e-01   1.6688857e+02
   9.1820000e-01   1.4882389e+02
   9.1830000e-01   1.3301137e+02
   9.1840000e-01   1.1907027e+02
   9.1850000e-01   1.0666023e+02
   9.1860000e-01   9.5818846e+01
   9.1870000e-01   8.5801022e+01
   9.1880000e-01   7.6808751e+01
   9.1890000e-01   6.8702989e+01
   9.1900000e-01   6.1327684e+01
   9.1910000e-01   5.4615135e+01
   9.1920000e-01   4.8475113e+01
   9.1930000e-01   4.2831878e+01
   9.1940000e-01   3.7634450e+01
   9.1950000e-01   3.2838233e+01
   9.1960000e-01   2.8405048e+01
   9.1970000e-01   2.3206038e+01
   9.1980000e-01   1.8336069e+01
   9.1990000e-01   1.3923647e+01
   9.2000000e-01   9.7500386e+00
   9.2010000e-01   4.9608501e+00
   9.2020000e-01   2.2299221e+00
   9.2030000e-01   2.9038960e+00
   9.2040000e-01   5.7108718e+00
   9.2050000e-01   8.8119905e+00
   9.2060000e-01   1.1968177e+01
   9.2070000e-01   1.5099749e+01
   9.2080000e-01   1.8179531e+01
   9.2090000e-01   2.1201681e+01
   9.2100000e-01   2.4168446e+01
   9.2110000e-01   2.7084870e+01
   9.2120000e-01   2.9957046e+01
   9.2130000e-01   3.2620071e+01
   9.2140000e-01   3.5197985e+01
   9.2150000e-01   3.7801652e+01
   9.2160000e-01   4.0429811e+01
   9.2170000e-01   4.3083372e+01
   9.2180000e-01   4.5765434e+01
   9.2190000e-01   4.8479383e+01
   9.2200000e-01   5.1228854e+01
   9.2210000e-01   5.4017728e+01
   9.2220000e-01   5.6850074e+01
   9.2230000e-01   5.9730140e+01
   9.2240000e-01   6.2662366e+01
   9.2250000e-01   6.5651404e+01
   9.2260000e-01   6.8702138e+01
   9.2270000e-01   7.1819496e+01
   9.2280000e-01   7.5041690e+01
   9.2290000e-01   7.8227107e+01
   9.2300000e-01   8.1611534e+01
   9.2310000e-01   8.4643945e+01
   9.2320000e-01   8.7729035e+01
   9.2330000e-01   9.0883148e+01
   9.2340000e-01   9.4157102e+01
   9.2350000e-01   9.7571436e+01
   9.2360000e-01   1.0116798e+02
   9.2370000e-01   1.0487675e+02
   9.2380000e-01   1.0877413e+02
   9.2390000e-01   1.1286088e+02
   9.2400000e-01   1.1715308e+02
   9.2410000e-01   1.2167128e+02
   9.2420000e-01   1.2644026e+02
   9.2430000e-01   1.3148940e+02
   9.2440000e-01   1.3685335e+02
   9.2450000e-01   1.4257290e+02
   9.2460000e-01   1.4869618e+02
   9.2470000e-01   1.5528031e+02
   9.2480000e-01   1.6239337e+02
   9.2490000e-01   1.7011720e+02
   9.2500000e-01   1.7855131e+02
   9.2510000e-01   1.8781709e+02
   9.2520000e-01   1.9806505e+02
   9.2530000e-01   2.0948372e+02
   9.2540000e-01   2.2231257e+02
   9.2550000e-01   2.3686044e+02
   9.2560000e-01   2.5353273e+02
   9.2570000e-01   2.7287233e+02
   9.2580000e-01   2.9562363e+02
   9.2590000e-01   3.2284155e+02
   9.2600000e-01   3.5605176e+02
   9.2610000e-01   3.9756551e+02
   9.2620000e-01   4.5105749e+02
   9.2630000e-01   5.2274216e+02
   9.2640000e-01   6.2402075e+02
   9.2650000e-01   7.7829888e+02
   9.2660000e-01   1.0423125e+03
   9.2670000e-01   1.5970145e+03
   9.2680000e-01   3.4481589e+03
   9.2690000e-01   7.3339445e+03
   9.2700000e-01   2.1223334e+03
   9.2710000e-01   1.1735837e+03
   9.2720000e-01   7.9841023e+02
   9.2730000e-01   5.9808170e+02
   9.2740000e-01   4.7342640e+02
   9.2750000e-01   3.8827711e+02
   9.2760000e-01   3.2633032e+02
   9.2770000e-01   2.7916303e+02
   9.2780000e-01   2.4198678e+02
   9.2790000e-01   2.1253525e+02
   9.2800000e-01   1.8830211e+02
   9.2810000e-01   1.6736642e+02
   9.2820000e-01   1.4916666e+02
   9.2830000e-01   1.3323804e+02
   9.2840000e-01   1.1920163e+02
   9.2850000e-01   1.0671358e+02
   9.2860000e-01   9.5809577e+01
   9.2870000e-01   8.5739483e+01
   9.2880000e-01   7.6792428e+01
   9.2890000e-01   6.8603532e+01
   9.2900000e-01   6.1178249e+01
   9.2910000e-01   5.4407003e+01
   9.2920000e-01   4.8233425e+01
   9.2930000e-01   4.2571826e+01
   9.2940000e-01   3.7356169e+01
   9.2950000e-01   3.2543249e+01
   9.2960000e-01   2.8095653e+01
   9.2970000e-01   2.3982039e+01
   9.2980000e-01   2.0017395e+01
   9.2990000e-01   1.4741692e+01
   9.3000000e-01   1.0187840e+01
   9.3010000e-01   3.0132754e+00
   9.3020000e-01   2.0819527e+00
   9.3030000e-01   3.9591551e+00
   9.3040000e-01   6.2291052e+00
   9.3050000e-01   9.0716985e+00
   9.3060000e-01   1.2107687e+01
   9.3070000e-01   1.5177587e+01
   9.3080000e-01   1.8221688e+01
   9.3090000e-01   2.1225568e+01
   9.3100000e-01   2.4182525e+01
   9.3110000e-01   2.7093399e+01
   9.3120000e-01   2.9962292e+01
   9.3130000e-01   3.2622274e+01
   9.3140000e-01   3.5213484e+01
   9.3150000e-01   3.7822104e+01
   9.3160000e-01   4.0448750e+01
   9.3170000e-01   4.3101152e+01
   9.3180000e-01   4.5840171e+01
   9.3190000e-01   4.8520438e+01
   9.3200000e-01   5.1253715e+01
   9.3210000e-01   5.4035005e+01
   9.3220000e-01   5.6863506e+01
   9.3230000e-01   5.9741377e+01
   9.3240000e-01   6.2672185e+01
   9.3250000e-01   6.5660225e+01
   9.3260000e-01   6.8710248e+01
   9.3270000e-01   7.1827351e+01
   9.3280000e-01   7.5016947e+01
   9.3290000e-01   7.8238376e+01
   9.3300000e-01   8.1610316e+01
   9.3310000e-01   8.4628225e+01
   9.3320000e-01   8.7703796e+01
   9.3330000e-01   9.0858633e+01
   9.3340000e-01   9.4136383e+01
   9.3350000e-01   9.7554876e+01
   9.3360000e-01   1.0115564e+02
   9.3370000e-01   1.0486787e+02
   9.3380000e-01   1.0876830e+02
   9.3390000e-01   1.1285722e+02
   9.3400000e-01   1.1715096e+02
   9.3410000e-01   1.2167029e+02
   9.3420000e-01   1.2644013e+02
   9.3430000e-01   1.3148995e+02
   9.3440000e-01   1.3685444e+02
   9.3450000e-01   1.4257443e+02
   9.3460000e-01   1.4869813e+02
   9.3470000e-01   1.5528261e+02
   9.3480000e-01   1.6239601e+02
   9.3490000e-01   1.7012069e+02
   9.3500000e-01   1.7855498e+02
   9.3510000e-01   1.8782107e+02
   9.3520000e-01   1.9806946e+02
   9.3530000e-01   2.0948866e+02
   9.3540000e-01   2.2231816e+02
   9.3550000e-01   2.3686680e+02
   9.3560000e-01   2.5354004e+02
   9.3570000e-01   2.7288083e+02
   9.3580000e-01   2.9563367e+02
   9.3590000e-01   3.2285357e+02
   9.3600000e-01   3.5606644e+02
   9.3610000e-01   3.9758391e+02
   9.3620000e-01   4.5108136e+02
   9.3630000e-01   5.2277450e+02
   9.3640000e-01   6.2406734e+02
   9.3650000e-01   7.7837241e+02
   9.3660000e-01   1.0424476e+03
   9.3670000e-01   1.5973454e+03
   9.3680000e-01   3.4498637e+03
   9.3690000e-01   7.2908548e+03
   9.3700000e-01   2.1193688e+03
   9.3710000e-01   1.1730282e+03
   9.3720000e-01   7.9822267e+02
   9.3730000e-01   5.9799084e+02
   9.3740000e-01   4.7337160e+02
   9.3750000e-01   3.8823952e+02
   9.3760000e-01   3.2630252e+02
   9.3770000e-01   2.7914143e+02
   9.3780000e-01   2.4196943e+02
   9.3790000e-01   2.1186442e+02
   9.3800000e-01   1.8741976e+02
   9.3810000e-01   1.6671540e+02
   9.3820000e-01   1.4871413e+02
   9.3830000e-01   1.3294550e+02
   9.3840000e-01   1.1903643e+02
   9.3850000e-01   1.0665070e+02
   9.3860000e-01   9.5827523e+01
   9.3870000e-01   8.5823977e+01
   9.3880000e-01   7.6842785e+01
   9.3890000e-01   6.8745555e+01
   9.3900000e-01   6.1376894e+01
   9.3910000e-01   5.4669484e+01
   9.3920000e-01   4.8533433e+01
   9.3930000e-01   4.2893272e+01
   9.3940000e-01   3.7698241e+01
   9.3950000e-01   3.2903932e+01
   9.3960000e-01   2.7959337e+01
   9.3970000e-01   2.2755883e+01
   9.3980000e-01   1.8095066e+01
   9.3990000e-01   1.3756318e+01
   9.4000000e-01   9.6725991e+00
   9.4010000e-01   4.5237747e+00
   9.4020000e-01   1.7621798e+00
   9.4030000e-01   2.5249459e+00
   9.4040000e-01   5.5750537e+00
   9.4050000e-01   8.7692811e+00
   9.4060000e-01   1.1956323e+01
   9.4070000e-01   1.5096463e+01
   9.4080000e-01   1.8178205e+01
   9.4090000e-01   2.1200779e+01
   9.4100000e-01   2.4167702e+01
   9.4110000e-01   2.7084381e+01
   9.4120000e-01   2.9956824e+01
   9.4130000e-01   3.2637013e+01
   9.4140000e-01   3.5206040e+01
   9.4150000e-01   3.7822682e+01
   9.4160000e-01   4.0454890e+01
   9.4170000e-01   4.3109359e+01
   9.4180000e-01   4.5791125e+01
   9.4190000e-01   4.8504256e+01
   9.4200000e-01   5.1252705e+01
   9.4210000e-01   5.4040505e+01
   9.4220000e-01   5.6871806e+01
   9.4230000e-01   5.9750906e+01
   9.4240000e-01   6.2682282e+01
   9.4250000e-01   6.5670615e+01
   9.4260000e-01   6.8720818e+01
   9.4270000e-01   7.1838058e+01
   9.4280000e-01   7.5027776e+01
   9.4290000e-01   7.8278502e+01
   9.4300000e-01   8.1504121e+01
   9.4310000e-01   8.4640722e+01
   9.4320000e-01   8.7702029e+01
   9.4330000e-01   9.0852993e+01
   9.4340000e-01   9.4131321e+01
   9.4350000e-01   9.9979819e+01
   9.4360000e-01   1.0359799e+02
   9.4370000e-01   1.0737895e+02
   9.4380000e-01   1.1133426e+02
   9.4390000e-01   1.1547839e+02
   9.4400000e-01   1.1982915e+02
   9.4410000e-01   1.2440798e+02
   9.4420000e-01   1.2924035e+02
   9.4430000e-01   1.3435625e+02
   9.4440000e-01   1.3979093e+02
   9.4450000e-01   1.4558582e+02
   9.4460000e-01   1.5192563e+02
   9.4470000e-01   1.5900193e+02
   9.4480000e-01   1.6671366e+02
   9.4490000e-01   1.7509867e+02
   9.4500000e-01   1.8422908e+02
   9.4510000e-01   1.9420147e+02
   9.4520000e-01   2.0513887e+02
   9.4530000e-01   2.1719530e+02
   9.4540000e-01   2.3056304e+02
   9.4550000e-01   2.4548310e+02
   9.4560000e-01   2.6226005e+02
   9.4570000e-01   2.8128310e+02
   9.4580000e-01   3.0305605e+02
   9.4590000e-01   3.2824297e+02
   9.4600000e-01   3.5773137e+02
   9.4610000e-01   3.9272051e+02
   9.4620000e-01   4.3486865e+02
   9.4630000e-01   4.8650419e+02
   9.4640000e-01   5.8263720e+02
   9.4650000e-01   7.3837373e+02
   9.4660000e-01   9.9939815e+02
   9.4670000e-01   1.5297523e+03
   9.4680000e-01   2.1765162e+03
   9.4690000e-01   6.3003724e+03
   9.4700000e-01   3.0666809e+03
   9.4710000e-01   1.4416603e+03
   9.4720000e-01   9.1797122e+02
   9.4730000e-01   6.6389585e+02
   9.4740000e-01   5.1411497e+02
   9.4750000e-01   4.1527968e+02
   9.4760000e-01   3.4508096e+02
   9.4770000e-01   2.9256487e+02
   9.4780000e-01   2.5172889e+02
   9.4790000e-01   2.1971050e+02
   9.4800000e-01   1.9362231e+02
   9.4810000e-01   1.7122282e+02
   9.4820000e-01   1.5185148e+02
   9.4830000e-01   1.3497669e+02
   9.4840000e-01   1.2017118e+02
   9.4850000e-01   1.0705349e+02
   9.4860000e-01   9.5645183e+01
   9.4870000e-01   8.5150042e+01
   9.4880000e-01   7.5769543e+01
   9.4890000e-01   6.7349946e+01
   9.4900000e-01   5.9722645e+01
   9.4910000e-01   5.2813166e+01
   9.4920000e-01   4.6525586e+01
   9.4930000e-01   4.0781236e+01
   9.4940000e-01   3.5529069e+01
   9.4950000e-01   3.0727254e+01
   9.4960000e-01   2.6344223e+01
   9.4970000e-01   2.2360572e+01
   9.4980000e-01   1.7965141e+01
   9.4990000e-01   1.2880571e+01
   9.5000000e-01   8.5734612e+00
   9.5010000e-01   5.2006843e+00
   9.5020000e-01   3.7020160e+00
   9.5030000e-01   6.3520236e+00
   9.5040000e-01   8.9332983e+00
   9.5050000e-01   1.1926805e+01
   9.5060000e-01   1.5041412e+01
   9.5070000e-01   1.8160730e+01
   9.5080000e-01   2.1239873e+01
   9.5090000e-01   2.4265337e+01
   9.5100000e-01   2.7236021e+01
   9.5110000e-01   3.0155586e+01
   9.5120000e-01   3.3029424e+01
   9.5130000e-01   3.5716136e+01
   9.5140000e-01   3.8309300e+01
   9.5150000e-01   4.0929002e+01
   9.5160000e-01   4.3567907e+01
   9.5170000e-01   4.6216682e+01
   9.5180000e-01   4.8888174e+01
   9.5190000e-01   5.1587204e+01
   9.5200000e-01   5.4318206e+01
   9.5210000e-01   5.7085572e+01
   9.5220000e-01   5.9893700e+01
   9.5230000e-01   6.2747039e+01
   9.5240000e-01   6.5650123e+01
   9.5250000e-01   6.8607610e+01
   9.5260000e-01   7.1624308e+01
   9.5270000e-01   7.4705199e+01
   9.5280000e-01   7.7855466e+01
   9.5290000e-01   8.1022660e+01
   9.5300000e-01   8.4324476e+01
   9.5310000e-01   8.7323610e+01
   9.5320000e-01   9.0333069e+01
   9.5330000e-01   9.3434451e+01
   9.5340000e-01   9.6660374e+01
   9.5350000e-01   9.7009088e+01
   9.5360000e-01   1.0049626e+02
   9.5370000e-01   1.0408654e+02
   9.5380000e-01   1.0785338e+02
   9.5390000e-01   1.1179697e+02
   9.5400000e-01   1.1593237e+02
   9.5410000e-01   1.2027886e+02
   9.5420000e-01   1.2485953e+02
   9.5430000e-01   1.2970166e+02
   9.5440000e-01   1.3483729e+02
   9.5450000e-01   1.4037186e+02
   9.5460000e-01   1.4658538e+02
   9.5470000e-01   1.5332829e+02
   9.5480000e-01   1.6061578e+02
   9.5490000e-01   1.6851303e+02
   9.5500000e-01   1.7708596e+02
   9.5510000e-01   1.8642153e+02
   9.5520000e-01   1.9663013e+02
   9.5530000e-01   2.0784948e+02
   9.5540000e-01   2.2025093e+02
   9.5550000e-01   2.3404876e+02
   9.5560000e-01   2.4951350e+02
   9.5570000e-01   2.6699074e+02
   9.5580000e-01   2.8692844e+02
   9.5590000e-01   3.0991902e+02
   9.5600000e-01   3.3675939e+02
   9.5610000e-01   3.6853826e+02
   9.5620000e-01   4.0678956e+02
   9.5630000e-01   4.5373588e+02
   9.5640000e-01   5.1270295e+02
   9.5650000e-01   6.1009469e+02
   9.5660000e-01   8.1430500e+02
   9.5670000e-01   1.1796804e+03
   9.5680000e-01   2.6762579e+03
   9.5690000e-01   3.6370013e+03
   9.5700000e-01   1.8135022e+03
   9.5710000e-01   1.0870614e+03
   9.5720000e-01   7.5930650e+02
   9.5730000e-01   5.7628747e+02
   9.5740000e-01   4.5985894e+02
   9.5750000e-01   3.7926103e+02
   9.5760000e-01   3.2009066e+02
   9.5770000e-01   2.7473646e+02
   9.5780000e-01   2.3880537e+02
   9.5790000e-01   2.1021417e+02
   9.5800000e-01   1.8656137e+02
   9.5810000e-01   1.6612030e+02
   9.5820000e-01   1.4832924e+02
   9.5830000e-01   1.3273413e+02
   9.5840000e-01   1.1896909e+02
   9.5850000e-01   1.0670280e+02
   9.5860000e-01   9.5976113e+01
   9.5870000e-01   8.6054989e+01
   9.5880000e-01   7.7140067e+01
   9.5890000e-01   6.9095433e+01
   9.5900000e-01   6.1767834e+01
   9.5910000e-01   5.5091188e+01
   9.5920000e-01   4.8976890e+01
   9.5930000e-01   4.3350283e+01
   9.5940000e-01   3.8161010e+01
   9.5950000e-01   3.3364654e+01
   9.5960000e-01   2.8922613e+01
   9.5970000e-01   2.4801899e+01
   9.5980000e-01   2.0450885e+01
   9.5990000e-01   1.5462043e+01
   9.6000000e-01   1.1125859e+01
   9.6010000e-01   5.4415787e+00
   9.6020000e-01   3.6586701e+00
   9.6030000e-01   3.3590325e+00
   9.6040000e-01   5.4434802e+00
   9.6050000e-01   8.3285752e+00
   9.6060000e-01   1.1379003e+01
   9.6070000e-01   1.4441774e+01
   9.6080000e-01   1.7472941e+01
   9.6090000e-01   2.0459876e+01
   9.6100000e-01   2.3400860e+01
   9.6110000e-01   2.6298437e+01
   9.6120000e-01   2.9156853e+01
   9.6130000e-01   3.1823611e+01
   9.6140000e-01   3.4400920e+01
   9.6150000e-01   3.7002154e+01
   9.6160000e-01   3.9628358e+01
   9.6170000e-01   4.2281636e+01
   9.6180000e-01   4.4965393e+01
   9.6190000e-01   4.7682981e+01
   9.6200000e-01   5.0437904e+01
   9.6210000e-01   5.3216984e+01
   9.6220000e-01   5.6061647e+01
   9.6230000e-01   5.8961568e+01
   9.6240000e-01   6.1904110e+01
   9.6250000e-01   6.4904414e+01
   9.6260000e-01   6.7967747e+01
   9.6270000e-01   7.1099331e+01
   9.6280000e-01   7.4304674e+01
   9.6290000e-01   7.7487569e+01
   9.6300000e-01   8.0761280e+01
   9.6310000e-01   8.3873634e+01
   9.6320000e-01   8.6980970e+01
   9.6330000e-01   9.0168872e+01
   9.6340000e-01   9.3480244e+01
   9.6350000e-01   9.7513782e+01
   9.6360000e-01   1.0116036e+02
   9.6370000e-01   1.0491912e+02
   9.6380000e-01   1.0886845e+02
   9.6390000e-01   1.1300960e+02
   9.6400000e-01   1.1735949e+02
   9.6410000e-01   1.2193953e+02
   9.6420000e-01   1.2677543e+02
   9.6430000e-01   1.3189757e+02
   9.6440000e-01   1.3734164e+02
   9.6450000e-01   1.4320500e+02
   9.6460000e-01   1.4979992e+02
   9.6470000e-01   1.5700026e+02
   9.6480000e-01   1.6481041e+02
   9.6490000e-01   1.7330570e+02
   9.6500000e-01   1.8256416e+02
   9.6510000e-01   1.9268806e+02
   9.6520000e-01   2.0380726e+02
   9.6530000e-01   2.1608409e+02
   9.6540000e-01   2.2972107e+02
   9.6550000e-01   2.4497224e+02
   9.6560000e-01   2.6215913e+02
   9.6570000e-01   2.8169337e+02
   9.6580000e-01   3.0410888e+02
   9.6590000e-01   3.3011079e+02
   9.6600000e-01   3.6064316e+02
   9.6610000e-01   3.9698314e+02
   9.6620000e-01   4.4089584e+02
   9.6630000e-01   4.9485090e+02
   9.6640000e-01   5.6231527e+02
   9.6650000e-01   6.8259819e+02
   9.6660000e-01   9.4280243e+02
   9.6670000e-01   1.4462772e+03
   9.6680000e-01   2.8302609e+03
   9.6690000e-01   6.3537497e+03
   9.6700000e-01   2.1454501e+03
   9.6710000e-01   1.1827427e+03
   9.6720000e-01   8.0178417e+02
   9.6730000e-01   5.9944646e+02
   9.6740000e-01   4.7401440e+02
   9.6750000e-01   3.8853936e+02
   9.6760000e-01   3.2644808e+02
   9.6770000e-01   2.7921439e+02
   9.6780000e-01   2.4200691e+02
   9.6790000e-01   2.1188409e+02
   9.6800000e-01   1.8746379e+02
   9.6810000e-01   1.6666216e+02
   9.6820000e-01   1.4863564e+02
   9.6830000e-01   1.3289409e+02
   9.6840000e-01   1.1900803e+02
   9.6850000e-01   1.0664086e+02
   9.6860000e-01   9.5832074e+01
   9.6870000e-01   8.5839759e+01
   9.6880000e-01   7.6867460e+01
   9.6890000e-01   6.8777115e+01
   9.6900000e-01   6.1413833e+01
   9.6910000e-01   5.4710640e+01
   9.6920000e-01   4.8577851e+01
   9.6930000e-01   4.2940216e+01
   9.6940000e-01   3.7747142e+01
   9.6950000e-01   3.2954369e+01
   9.6960000e-01   2.7728480e+01
   9.6970000e-01   2.2691615e+01
   9.6980000e-01   1.8040764e+01
   9.6990000e-01   1.3718964e+01
   9.7000000e-01   9.6487368e+00
   9.7010000e-01   3.4018815e+00
   9.7020000e-01   2.2123536e+00
   9.7030000e-01   3.4818395e+00
   9.7040000e-01   6.0405234e+00
   9.7050000e-01   9.0178603e+00
   9.7060000e-01   1.2098257e+01
   9.7070000e-01   1.5183902e+01
   9.7080000e-01   1.8235210e+01
   9.7090000e-01   2.1239322e+01
   9.7100000e-01   2.4194409e+01
   9.7110000e-01   2.7103166e+01
   9.7120000e-01   2.9970173e+01
   9.7130000e-01   3.2640097e+01
   9.7140000e-01   3.5239813e+01
   9.7150000e-01   3.7853158e+01
   9.7160000e-01   4.0484969e+01
   9.7170000e-01   4.3139639e+01
   9.7180000e-01   4.5821824e+01
   9.7190000e-01   4.8535560e+01
   9.7200000e-01   5.1284755e+01
   9.7210000e-01   5.4073414e+01
   9.7220000e-01   5.6905632e+01
   9.7230000e-01   5.9785661e+01
   9.7240000e-01   6.2717923e+01
   9.7250000e-01   6.5707033e+01
   9.7260000e-01   6.8757851e+01
   9.7270000e-01   7.1875475e+01
   9.7280000e-01   7.5065277e+01
   9.7290000e-01   7.8332943e+01
   9.7300000e-01   8.1557754e+01
   9.7310000e-01   8.4570594e+01
   9.7320000e-01   8.7630752e+01
   9.7330000e-01   9.0792555e+01
   9.7340000e-01   9.4083283e+01
   9.7350000e-01   9.7514636e+01
   9.7360000e-01   1.0112500e+02
   9.7370000e-01   1.0488734e+02
   9.7380000e-01   1.0876760e+02
   9.7390000e-01   1.1285147e+02
   9.7400000e-01   1.1714430e+02
   9.7410000e-01   1.2166408e+02
   9.7420000e-01   1.2643469e+02
   9.7430000e-01   1.3148521e+02
   9.7440000e-01   1.3685029e+02
   9.7450000e-01   1.4257066e+02
   9.7460000e-01   1.4879774e+02
   9.7470000e-01   1.5576346e+02
   9.7480000e-01   1.6335970e+02
   9.7490000e-01   1.7162161e+02
   9.7500000e-01   1.8061880e+02
   9.7510000e-01   1.9044611e+02
   9.7520000e-01   2.0122426e+02
   9.7530000e-01   2.1310456e+02
   9.7540000e-01   2.2627602e+02
   9.7550000e-01   2.4097560e+02
   9.7560000e-01   2.5750280e+02
   9.7570000e-01   2.7624038e+02
   9.7580000e-01   2.9768398e+02
   9.7590000e-01   3.2248720e+02
   9.7600000e-01   3.5152436e+02
   9.7610000e-01   3.8597862e+02
   9.7620000e-01   4.2749014e+02
   9.7630000e-01   4.7837156e+02
   9.7640000e-01   5.7962879e+02
   9.7650000e-01   7.3501747e+02
   9.7660000e-01   9.9185653e+02
   9.7670000e-01   1.5163548e+03
   9.7680000e-01   3.1651337e+03
   9.7690000e-01   6.9206672e+03
   9.7700000e-01   2.1411714e+03
   9.7710000e-01   1.1786552e+03
   9.7720000e-01   8.0009560e+02
   9.7730000e-01   5.9872443e+02
   9.7740000e-01   4.7369025e+02
   9.7750000e-01   3.8838816e+02
   9.7760000e-01   3.2637555e+02
   9.7770000e-01   2.7917876e+02
   9.7780000e-01   2.4198905e+02
   9.7790000e-01   2.1271357e+02
   9.7800000e-01   1.8828771e+02
   9.7810000e-01   1.6730121e+02
   9.7820000e-01   1.4910261e+02
   9.7830000e-01   1.3318973e+02
   9.7840000e-01   1.1917094e+02
   9.7850000e-01   1.0669855e+02
   9.7860000e-01   9.5807263e+01
   9.7870000e-01   8.5747185e+01
   9.7880000e-01   7.6783715e+01
   9.7890000e-01   6.8641962e+01
   9.7900000e-01   6.1211995e+01
   9.7910000e-01   5.4440480e+01
   9.7920000e-01   4.8268807e+01
   9.7930000e-01   4.2609517e+01
   9.7940000e-01   3.7396159e+01
   9.7950000e-01   3.2585430e+01
   9.7960000e-01   2.8139931e+01
   9.7970000e-01   2.4035948e+01
   9.7980000e-01   1.9583030e+01
   9.7990000e-01   1.4528379e+01
   9.8000000e-01   1.0075011e+01
   9.8010000e-01   5.6970099e+00
   9.8020000e-01   2.1893611e+00
   9.8030000e-01   3.0657569e+00
   9.8040000e-01   5.7398573e+00
   9.8050000e-01   8.7830572e+00
   9.8060000e-01   1.1928360e+01
   9.8070000e-01   1.5062108e+01
   9.8080000e-01   1.8145467e+01
   9.8090000e-01   2.1174442e+01
   9.8100000e-01   2.4147949e+01
   9.8110000e-01   2.7069987e+01
   9.8120000e-01   2.9946423e+01
   9.8130000e-01   3.2620371e+01
   9.8140000e-01   3.5226368e+01
   9.8150000e-01   3.7843820e+01
   9.8160000e-01   4.0478837e+01
   9.8170000e-01   4.3136540e+01
   9.8180000e-01   4.5821906e+01
   9.8190000e-01   4.8539089e+01
   9.8200000e-01   5.1292038e+01
   9.8210000e-01   5.4072481e+01
   9.8220000e-01   5.6915018e+01
   9.8230000e-01   5.9800834e+01
   9.8240000e-01   6.2730721e+01
   9.8250000e-01   6.5718396e+01
   9.8260000e-01   6.8768356e+01
   9.8270000e-01   7.1885437e+01
   9.8280000e-01   7.5074914e+01
   9.8290000e-01   7.8342441e+01
   9.8300000e-01   8.1512644e+01
   9.8310000e-01   8.4541397e+01
   9.8320000e-01   8.7602027e+01
   9.8330000e-01   9.0768842e+01
   9.8340000e-01   9.4064879e+01
   9.8350000e-01   9.7500800e+01
   9.8360000e-01   1.0111499e+02
   9.8370000e-01   1.0484986e+02
   9.8380000e-01   1.0875876e+02
   9.8390000e-01   1.1284653e+02
   9.8400000e-01   1.1714117e+02
   9.8410000e-01   1.2166204e+02
   9.8420000e-01   1.2643335e+02
   9.8430000e-01   1.3148445e+02
   9.8440000e-01   1.3684988e+02
   9.8450000e-01   1.4260833e+02
   9.8460000e-01   1.4914713e+02
   9.8470000e-01   1.5616218e+02
   9.8480000e-01   1.6381441e+02
   9.8490000e-01   1.7213874e+02
   9.8500000e-01   1.8120430e+02
   9.8510000e-01   1.9110831e+02
   9.8520000e-01   2.0197439e+02
   9.8530000e-01   2.1395752e+02
   9.8540000e-01   2.2725135e+02
   9.8550000e-01   2.4209883e+02
   9.8560000e-01   2.5880746e+02
   9.8570000e-01   2.7777099e+02
   9.8580000e-01   2.9950054e+02
   9.8590000e-01   3.2467216e+02
   9.8600000e-01   3.5419372e+02
   9.8610000e-01   3.8929976e+02
   9.8620000e-01   4.3171192e+02
   9.8630000e-01   4.8387685e+02
   9.8640000e-01   5.4932590e+02
   9.8650000e-01   6.7619705e+02
   9.8660000e-01   9.2464502e+02
   9.8670000e-01   1.4185392e+03
   9.8680000e-01   2.8721369e+03
   9.8690000e-01   6.4559249e+03
   9.8700000e-01   2.1646734e+03
   9.8710000e-01   1.1849143e+03
   9.8720000e-01   8.0219232e+02
   9.8730000e-01   5.9955544e+02
   9.8740000e-01   4.7406013e+02
   9.8750000e-01   3.8856864e+02
   9.8760000e-01   3.2647113e+02
   9.8770000e-01   2.7923371e+02
   9.8780000e-01   2.4202339e+02
   9.8790000e-01   2.1278963e+02
   9.8800000e-01   1.8822528e+02
   9.8810000e-01   1.6723755e+02
   9.8820000e-01   1.4907008e+02
   9.8830000e-01   1.3317444e+02
   9.8840000e-01   1.1916615e+02
   9.8850000e-01   1.0670115e+02
   9.8860000e-01   9.5815299e+01
   9.8870000e-01   8.5759879e+01
   9.8880000e-01   7.6735607e+01
   9.8890000e-01   6.8602241e+01
   9.8900000e-01   6.1202793e+01
   9.8910000e-01   5.4468971e+01
   9.8920000e-01   4.8310177e+01
   9.8930000e-01   4.2650390e+01
   9.8940000e-01   3.7438515e+01
   9.8950000e-01   3.2629918e+01
   9.8960000e-01   2.8186440e+01
   9.8970000e-01   2.4076451e+01
   9.8980000e-01   1.9381881e+01
   9.8990000e-01   1.4417431e+01
   9.9000000e-01   1.0016669e+01
   9.9010000e-01   4.4480010e+00
   9.9020000e-01   1.7429031e+00
   9.9030000e-01   2.1411386e+00
   9.9040000e-01   5.3340588e+00
   9.9050000e-01   8.6256551e+00
   9.9060000e-01   1.1866656e+01
   9.9070000e-01   1.5040061e+01
   9.9080000e-01   1.8142344e+01
   9.9090000e-01   2.1177633e+01
   9.9100000e-01   2.4152567e+01
   9.9110000e-01   2.7074363e+01
   9.9120000e-01   2.9950120e+01
   9.9130000e-01   3.2639812e+01
   9.9140000e-01   3.5263570e+01
   9.9150000e-01   3.7928856e+01
   9.9160000e-01   4.0538419e+01
   9.9170000e-01   4.3191687e+01
   9.9180000e-01   4.5868114e+01
   9.9190000e-01   4.8574820e+01
   9.9200000e-01   5.1320345e+01
   9.9210000e-01   5.4106857e+01
   9.9220000e-01   5.6937594e+01
   9.9230000e-01   5.9816448e+01
   9.9240000e-01   6.2747706e+01
   9.9250000e-01   6.5735950e+01
   9.9260000e-01   6.8786022e+01
   9.9270000e-01   7.1903037e+01
   9.9280000e-01   7.5092386e+01
   9.9290000e-01   7.8342538e+01
   9.9300000e-01   8.1427064e+01
   9.9310000e-01   8.4467835e+01
   9.9320000e-01   8.7550317e+01
   9.9330000e-01   9.0733369e+01
   9.9340000e-01   9.4040692e+01
   9.9350000e-01   9.9911781e+01
   9.9360000e-01   1.0358169e+02
   9.9370000e-01   1.0738663e+02
   9.9380000e-01   1.1132686e+02
   9.9390000e-01   1.1547005e+02
   9.9400000e-01   1.1982247e+02
   9.9410000e-01   1.2440348e+02
   9.9420000e-01   1.2923790e+02
   9.9430000e-01   1.3435554e+02
   9.9440000e-01   1.3979163e+02
   9.9450000e-01   1.4558768e+02
   9.9460000e-01   1.5186708e+02
   9.9470000e-01   1.5892956e+02
   9.9480000e-01   1.6661865e+02
   9.9490000e-01   1.7496969e+02
   9.9500000e-01   1.8407297e+02
   9.9510000e-01   1.9402023e+02
   9.9520000e-01   2.0493164e+02
   9.9530000e-01   2.1695928e+02
   9.9540000e-01   2.3029379e+02
   9.9550000e-01   2.4517440e+02
   9.9560000e-01   2.6190356e+02
   9.9570000e-01   2.8086765e+02
   9.9580000e-01   3.0256653e+02
   9.9590000e-01   3.2765854e+02
   9.9600000e-01   3.5702262e+02
   9.9610000e-01   3.9184489e+02
   9.9620000e-01   4.3376273e+02
   9.9630000e-01   4.8798343e+02
   9.9640000e-01   5.9582983e+02
   9.9650000e-01   7.5266921e+02
   9.9660000e-01   1.0142022e+03
   9.9670000e-01   1.5515711e+03
   9.9680000e-01   2.1904531e+03
   9.9690000e-01   6.2183167e+03
   9.9700000e-01   2.9904164e+03
   9.9710000e-01   1.4306286e+03
   9.9720000e-01   9.1510335e+02
   9.9730000e-01   6.6307600e+02
   9.9740000e-01   5.1382652e+02
   9.9750000e-01   4.1515738e+02
   9.9760000e-01   3.4501961e+02
   9.9770000e-01   2.9252934e+02
   9.9780000e-01   2.5170580e+02
   9.9790000e-01   2.1899328e+02
   9.9800000e-01   1.9247008e+02
   9.9810000e-01   1.7038975e+02
   9.9820000e-01   1.5124337e+02
   9.9830000e-01   1.3459989e+02
   9.9840000e-01   1.1997934e+02
   9.9850000e-01   1.0700926e+02
   9.9860000e-01   9.5716294e+01
   9.9870000e-01   8.5314936e+01
   9.9880000e-01   7.6010835e+01
   9.9890000e-01   6.7653857e+01
   9.9900000e-01   6.0078927e+01
   9.9910000e-01   5.3213776e+01
   9.9920000e-01   4.6964105e+01
   9.9930000e-01   4.1252592e+01
   9.9940000e-01   3.6029106e+01
   9.9950000e-01   3.1070945e+01
   9.9960000e-01   2.5467952e+01
   9.9970000e-01   2.0484979e+01
   9.9980000e-01   1.5892007e+01
   9.9990000e-01   1.1632955e+01
