   7.9990000e-01   8.9550219e-01
   8.0000000e-01   8.9689186e-01
   8.0010000e-01   9.0113429e-01
   8.0020000e-01   8.9988652e-01
   8.0030000e-01   8.9938116e-01
   8.0040000e-01   8.9917911e-01
   8.0050000e-01   8.9911494e-01
   8.0060000e-01   8.9911238e-01
   8.0070000e-01   8.9912499e-01
   8.0080000e-01   8.9913991e-01
   8.0090000e-01   8.9915301e-01
   8.0100000e-01   8.9916342e-01
   8.0110000e-01   8.9917141e-01
   8.0120000e-01   8.9917683e-01
   8.0130000e-01   8.9918201e-01
   8.0140000e-01   8.9919259e-01
   8.0150000e-01   8.9919448e-01
   8.0160000e-01   8.9919782e-01
   8.0170000e-01   8.9920172e-01
   8.0180000e-01   8.9920581e-01
   8.0190000e-01   8.9921002e-01
   8.0200000e-01   8.9921435e-01
   8.0210000e-01   8.9921882e-01
   8.0220000e-01   8.9922347e-01
   8.0230000e-01   8.9922695e-01
   8.0240000e-01   8.9923199e-01
   8.0250000e-01   8.9923708e-01
   8.0260000e-01   8.9924215e-01
   8.0270000e-01   8.9924716e-01
   8.0280000e-01   8.9925207e-01
   8.0290000e-01   8.9925683e-01
   8.0300000e-01   8.9926144e-01
   8.0310000e-01   8.9927133e-01
   8.0320000e-01   8.9927323e-01
   8.0330000e-01   8.9926958e-01
   8.0340000e-01   8.9926279e-01
   8.0350000e-01   8.2549942e-01
   8.0360000e-01   8.2549688e-01
   8.0370000e-01   8.2549555e-01
   8.0380000e-01   8.2549365e-01
   8.0390000e-01   8.2549231e-01
   8.0400000e-01   8.2549149e-01
   8.0410000e-01   8.2549106e-01
   8.0420000e-01   8.2549094e-01
   8.0430000e-01   8.2549101e-01
   8.0440000e-01   8.2550047e-01
   8.0450000e-01   8.2570090e-01
   8.0460000e-01   8.2595322e-01
   8.0470000e-01   8.2619489e-01
   8.0480000e-01   8.2642827e-01
   8.0490000e-01   8.2665558e-01
   8.0500000e-01   8.2687829e-01
   8.0510000e-01   8.2709742e-01
   8.0520000e-01   8.2731364e-01
   8.0530000e-01   8.2752745e-01
   8.0540000e-01   8.2773922e-01
   8.0550000e-01   8.2794922e-01
   8.0560000e-01   8.2815766e-01
   8.0570000e-01   8.2836472e-01
   8.0580000e-01   8.2857053e-01
   8.0590000e-01   8.2877518e-01
   8.0600000e-01   8.2897872e-01
   8.0610000e-01   8.2918118e-01
   8.0620000e-01   8.2938253e-01
   8.0630000e-01   8.2958272e-01
   8.0640000e-01   8.2978163e-01
   8.0650000e-01   8.2967635e-01
   8.0660000e-01   8.2869738e-01
   8.0670000e-01   8.2754902e-01
   8.0680000e-01   7.6931059e-01
   8.0690000e-01   7.6905803e-01
   8.0700000e-01   7.6895059e-01
   8.0710000e-01   7.6890196e-01
   8.0720000e-01   7.6887979e-01
   8.0730000e-01   7.6886940e-01
   8.0740000e-01   7.6886424e-01
   8.0750000e-01   7.6886148e-01
   8.0760000e-01   7.6885985e-01
   8.0770000e-01   7.6885879e-01
   8.0780000e-01   7.6883482e-01
   8.0790000e-01   7.6879869e-01
   8.0800000e-01   7.6876666e-01
   8.0810000e-01   7.6873817e-01
   8.0820000e-01   7.6871183e-01
   8.0830000e-01   7.6868683e-01
   8.0840000e-01   7.6866272e-01
   8.0850000e-01   7.6863921e-01
   8.0860000e-01   7.6861614e-01
   8.0870000e-01   7.6859338e-01
   8.0880000e-01   7.6857088e-01
   8.0890000e-01   7.6854859e-01
   8.0900000e-01   7.6852648e-01
   8.0910000e-01   7.6850452e-01
   8.0920000e-01   7.6848269e-01
   8.0930000e-01   7.6846098e-01
   8.0940000e-01   7.6843937e-01
   8.0950000e-01   7.6841786e-01
   8.0960000e-01   7.6839642e-01
   8.0970000e-01   7.6837505e-01
   8.0980000e-01   7.6835375e-01
   8.0990000e-01   7.6839494e-01
   8.1000000e-01   7.6866232e-01
   8.1010000e-01   7.6859302e-01
   8.1020000e-01   7.6862429e-01
   8.1030000e-01   7.6862440e-01
   8.1040000e-01   7.6861974e-01
   8.1050000e-01   7.6861295e-01
   8.1060000e-01   7.6861017e-01
   8.1070000e-01   7.6860896e-01
   8.1080000e-01   7.6860867e-01
   8.1090000e-01   7.6860895e-01
   8.1100000e-01   7.6860956e-01
   8.1110000e-01   7.6861036e-01
   8.1120000e-01   7.6859558e-01
   8.1130000e-01   7.6856824e-01
   8.1140000e-01   7.6854115e-01
   8.1150000e-01   7.6851845e-01
   8.1160000e-01   7.6849842e-01
   8.1170000e-01   7.6848002e-01
   8.1180000e-01   7.6846291e-01
   8.1190000e-01   7.6844693e-01
   8.1200000e-01   7.6843197e-01
   8.1210000e-01   7.6841795e-01
   8.1220000e-01   7.6840480e-01
   8.1230000e-01   7.6839243e-01
   8.1240000e-01   7.6838075e-01
   8.1250000e-01   7.6836963e-01
   8.1260000e-01   7.6835892e-01
   8.1270000e-01   7.6834846e-01
   8.1280000e-01   7.6833803e-01
   8.1290000e-01   7.6832741e-01
   8.1300000e-01   7.6831631e-01
   8.1310000e-01   7.6829725e-01
   8.1320000e-01   7.6845012e-01
   8.1330000e-01   7.6852118e-01
   8.1340000e-01   7.6855187e-01
   8.1350000e-01   1.0065774e+00
   8.1360000e-01   1.0065854e+00
   8.1370000e-01   1.0065905e+00
   8.1380000e-01   1.0065936e+00
   8.1390000e-01   1.0065955e+00
   8.1400000e-01   1.0065967e+00
   8.1410000e-01   1.0065973e+00
   8.1420000e-01   1.0065977e+00
   8.1430000e-01   1.0065977e+00
   8.1440000e-01   1.0065974e+00
   8.1450000e-01   1.0065847e+00
   8.1460000e-01   1.0065586e+00
   8.1470000e-01   1.0065176e+00
   8.1480000e-01   1.0064716e+00
   8.1490000e-01   1.0064225e+00
   8.1500000e-01   1.0063716e+00
   8.1510000e-01   1.0063197e+00
   8.1520000e-01   1.0062674e+00
   8.1530000e-01   1.0062150e+00
   8.1540000e-01   1.0061628e+00
   8.1550000e-01   1.0061110e+00
   8.1560000e-01   1.0060596e+00
   8.1570000e-01   1.0060087e+00
   8.1580000e-01   1.0059584e+00
   8.1590000e-01   1.0059088e+00
   8.1600000e-01   1.0058600e+00
   8.1610000e-01   1.0058120e+00
   8.1620000e-01   1.0057648e+00
   8.1630000e-01   1.0057187e+00
   8.1640000e-01   1.0056736e+00
   8.1650000e-01   1.0056587e+00
   8.1660000e-01   1.0057270e+00
   8.1670000e-01   1.0058459e+00
   8.1680000e-01   1.9898615e+00
   8.1690000e-01   1.9896545e+00
   8.1700000e-01   1.9895301e+00
   8.1710000e-01   1.9894507e+00
   8.1720000e-01   1.9893986e+00
   8.1730000e-01   1.9893646e+00
   8.1740000e-01   1.9893422e+00
   8.1750000e-01   1.9893272e+00
   8.1760000e-01   1.9893172e+00
   8.1770000e-01   1.9893105e+00
   8.1780000e-01   1.9893059e+00
   8.1790000e-01   1.9893027e+00
   8.1800000e-01   1.9893005e+00
   8.1810000e-01   1.9892989e+00
   8.1820000e-01   1.9892976e+00
   8.1830000e-01   1.9892967e+00
   8.1840000e-01   1.9892959e+00
   8.1850000e-01   1.9892953e+00
   8.1860000e-01   1.9892947e+00
   8.1870000e-01   1.9892942e+00
   8.1880000e-01   1.9892937e+00
   8.1890000e-01   1.9892932e+00
   8.1900000e-01   1.9892928e+00
   8.1910000e-01   1.9892924e+00
   8.1920000e-01   1.9892920e+00
   8.1930000e-01   1.9892916e+00
   8.1940000e-01   1.9892913e+00
   8.1950000e-01   1.9892909e+00
   8.1960000e-01   1.9892906e+00
   8.1970000e-01   1.9892903e+00
   8.1980000e-01   1.9892901e+00
   8.1990000e-01   1.9892899e+00
   8.2000000e-01   1.9892897e+00
   8.2010000e-01   1.9901118e+00
   8.2020000e-01   1.9896418e+00
   8.2030000e-01   1.9894405e+00
   8.2040000e-01   1.9893569e+00
   8.2050000e-01   1.9893253e+00
   8.2060000e-01   1.9893148e+00
   8.2070000e-01   1.9893126e+00
   8.2080000e-01   1.9893135e+00
   8.2090000e-01   1.9893153e+00
   8.2100000e-01   1.9893171e+00
   8.2110000e-01   1.9893187e+00
   8.2120000e-01   1.9893252e+00
   8.2130000e-01   1.9893358e+00
   8.2140000e-01   1.9893507e+00
   8.2150000e-01   1.9893605e+00
   8.2160000e-01   1.9893714e+00
   8.2170000e-01   1.9893826e+00
   8.2180000e-01   1.9893939e+00
   8.2190000e-01   1.9894050e+00
   8.2200000e-01   1.9894158e+00
   8.2210000e-01   1.9894262e+00
   8.2220000e-01   1.9894362e+00
   8.2230000e-01   1.9894459e+00
   8.2240000e-01   1.9894554e+00
   8.2250000e-01   1.9894648e+00
   8.2260000e-01   1.9894742e+00
   8.2270000e-01   1.9894836e+00
   8.2280000e-01   1.9894931e+00
   8.2290000e-01   1.9895026e+00
   8.2300000e-01   1.9895121e+00
   8.2310000e-01   1.9895102e+00
   8.2320000e-01   1.9894553e+00
   8.2330000e-01   1.9894177e+00
   8.2340000e-01   1.9893935e+00
   8.2350000e-01   1.2489716e+00
   8.2360000e-01   1.2489584e+00
   8.2370000e-01   1.2489492e+00
   8.2380000e-01   1.2489430e+00
   8.2390000e-01   1.2489389e+00
   8.2400000e-01   1.2489363e+00
   8.2410000e-01   1.2489347e+00
   8.2420000e-01   1.2489338e+00
   8.2430000e-01   1.2489335e+00
   8.2440000e-01   1.2489222e+00
   8.2450000e-01   1.2488427e+00
   8.2460000e-01   1.2487629e+00
   8.2470000e-01   1.2486832e+00
   8.2480000e-01   1.2486037e+00
   8.2490000e-01   1.2485245e+00
   8.2500000e-01   1.2484456e+00
   8.2510000e-01   1.2483671e+00
   8.2520000e-01   1.2482890e+00
   8.2530000e-01   1.2482114e+00
   8.2540000e-01   1.2481342e+00
   8.2550000e-01   1.2480575e+00
   8.2560000e-01   1.2479813e+00
   8.2570000e-01   1.2479057e+00
   8.2580000e-01   1.2478305e+00
   8.2590000e-01   1.2477559e+00
   8.2600000e-01   1.2476819e+00
   8.2610000e-01   1.2476084e+00
   8.2620000e-01   1.2475355e+00
   8.2630000e-01   1.2474632e+00
   8.2640000e-01   1.2473915e+00
   8.2650000e-01   1.2473205e+00
   8.2660000e-01   1.2473201e+00
   8.2670000e-01   1.2478353e+00
   8.2680000e-01   1.1894636e+00
   8.2690000e-01   1.1894463e+00
   8.2700000e-01   1.1894294e+00
   8.2710000e-01   1.1894156e+00
   8.2720000e-01   1.1894049e+00
   8.2730000e-01   1.1893970e+00
   8.2740000e-01   1.1893912e+00
   8.2750000e-01   1.1893871e+00
   8.2760000e-01   1.1893842e+00
   8.2770000e-01   1.1893822e+00
   8.2780000e-01   1.1893751e+00
   8.2790000e-01   1.1893603e+00
   8.2800000e-01   1.1893454e+00
   8.2810000e-01   1.1893305e+00
   8.2820000e-01   1.1893157e+00
   8.2830000e-01   1.1893009e+00
   8.2840000e-01   1.1892861e+00
   8.2850000e-01   1.1892714e+00
   8.2860000e-01   1.1892568e+00
   8.2870000e-01   1.1892421e+00
   8.2880000e-01   1.1892276e+00
   8.2890000e-01   1.1892131e+00
   8.2900000e-01   1.1891986e+00
   8.2910000e-01   1.1891842e+00
   8.2920000e-01   1.1891699e+00
   8.2930000e-01   1.1891539e+00
   8.2940000e-01   1.1891415e+00
   8.2950000e-01   1.1891287e+00
   8.2960000e-01   1.1891158e+00
   8.2970000e-01   1.1891028e+00
   8.2980000e-01   1.1890898e+00
   8.2990000e-01   1.1891361e+00
   8.3000000e-01   1.1892179e+00
   8.3010000e-01   1.1875698e+00
   8.3020000e-01   1.1882023e+00
   8.3030000e-01   1.1885568e+00
   8.3040000e-01   1.1887680e+00
   8.3050000e-01   1.1888986e+00
   8.3060000e-01   1.1889817e+00
   8.3070000e-01   1.1890350e+00
   8.3080000e-01   1.1890702e+00
   8.3090000e-01   1.1890937e+00
   8.3100000e-01   1.1891094e+00
   8.3110000e-01   1.1891199e+00
   8.3120000e-01   1.1891273e+00
   8.3130000e-01   1.1891346e+00
   8.3140000e-01   1.1891409e+00
   8.3150000e-01   1.1891489e+00
   8.3160000e-01   1.1891556e+00
   8.3170000e-01   1.1891620e+00
   8.3180000e-01   1.1891684e+00
   8.3190000e-01   1.1891748e+00
   8.3200000e-01   1.1891812e+00
   8.3210000e-01   1.1891877e+00
   8.3220000e-01   1.1891942e+00
   8.3230000e-01   1.1892007e+00
   8.3240000e-01   1.1892073e+00
   8.3250000e-01   1.1892138e+00
   8.3260000e-01   1.1892203e+00
   8.3270000e-01   1.1892267e+00
   8.3280000e-01   1.1892329e+00
   8.3290000e-01   1.1892390e+00
   8.3300000e-01   1.1892448e+00
   8.3310000e-01   1.1892357e+00
   8.3320000e-01   1.1892110e+00
   8.3330000e-01   1.1891970e+00
   8.3340000e-01   1.1891887e+00
   8.3350000e-01   9.3180017e-01
   8.3360000e-01   9.3181410e-01
   8.3370000e-01   9.3182265e-01
   8.3380000e-01   9.3182805e-01
   8.3390000e-01   9.3183158e-01
   8.3400000e-01   9.3183396e-01
   8.3410000e-01   9.3183561e-01
   8.3420000e-01   9.3183678e-01
   8.3430000e-01   9.3183765e-01
   8.3440000e-01   9.3183778e-01
   8.3450000e-01   9.3179614e-01
   8.3460000e-01   9.3173049e-01
   8.3470000e-01   9.3169561e-01
   8.3480000e-01   9.3166565e-01
   8.3490000e-01   9.3163813e-01
   8.3500000e-01   9.3161158e-01
   8.3510000e-01   9.3158491e-01
   8.3520000e-01   9.3155742e-01
   8.3530000e-01   9.3152863e-01
   8.3540000e-01   9.3149824e-01
   8.3550000e-01   9.3146605e-01
   8.3560000e-01   9.3143191e-01
   8.3570000e-01   9.3139573e-01
   8.3580000e-01   9.3135741e-01
   8.3590000e-01   9.3131691e-01
   8.3600000e-01   9.3127417e-01
   8.3610000e-01   9.3122917e-01
   8.3620000e-01   9.3118189e-01
   8.3630000e-01   9.3113232e-01
   8.3640000e-01   9.3108592e-01
   8.3650000e-01   9.3118634e-01
   8.3660000e-01   9.3148075e-01
   8.3670000e-01   9.3177709e-01
   8.3680000e-01   9.4610145e-01
   8.3690000e-01   9.4644568e-01
   8.3700000e-01   9.4663833e-01
   8.3710000e-01   9.4675428e-01
   8.3720000e-01   9.4682681e-01
   8.3730000e-01   9.4687255e-01
   8.3740000e-01   9.4690191e-01
   8.3750000e-01   9.4692104e-01
   8.3760000e-01   9.4693366e-01
   8.3770000e-01   9.4694210e-01
   8.3780000e-01   9.4694782e-01
   8.3790000e-01   9.4696327e-01
   8.3800000e-01   9.4701395e-01
   8.3810000e-01   9.4708075e-01
   8.3820000e-01   9.4715840e-01
   8.3830000e-01   9.4724520e-01
   8.3840000e-01   9.4734043e-01
   8.3850000e-01   9.4744290e-01
   8.3860000e-01   9.4755017e-01
   8.3870000e-01   9.4765931e-01
   8.3880000e-01   9.4776389e-01
   8.3890000e-01   9.4785669e-01
   8.3900000e-01   9.4792952e-01
   8.3910000e-01   9.4797211e-01
   8.3920000e-01   9.4797504e-01
   8.3930000e-01   9.4792834e-01
   8.3940000e-01   9.4782270e-01
   8.3950000e-01   9.4765015e-01
   8.3960000e-01   9.4740486e-01
   8.3970000e-01   9.4708390e-01
   8.3980000e-01   9.4678213e-01
   8.3990000e-01   9.4661700e-01
   8.4000000e-01   9.4652232e-01
   8.4010000e-01   9.4703207e-01
   8.4020000e-01   9.4668748e-01
   8.4030000e-01   9.4653432e-01
   8.4040000e-01   9.4645996e-01
   8.4050000e-01   9.4641939e-01
   8.4060000e-01   9.4639475e-01
   8.4070000e-01   9.4637857e-01
   8.4080000e-01   9.4636737e-01
   8.4090000e-01   9.4635933e-01
   8.4100000e-01   9.4635341e-01
   8.4110000e-01   9.4634897e-01
   8.4120000e-01   9.4634745e-01
   8.4130000e-01   9.4634849e-01
   8.4140000e-01   9.4635075e-01
   8.4150000e-01   9.4635848e-01
   8.4160000e-01   9.4636615e-01
   8.4170000e-01   9.4637404e-01
   8.4180000e-01   9.4638228e-01
   8.4190000e-01   9.4639092e-01
   8.4200000e-01   9.4639999e-01
   8.4210000e-01   9.4640949e-01
   8.4220000e-01   9.4641623e-01
   8.4230000e-01   9.4642789e-01
   8.4240000e-01   9.4643888e-01
   8.4250000e-01   9.4644901e-01
   8.4260000e-01   9.4645970e-01
   8.4270000e-01   9.4647078e-01
   8.4280000e-01   9.4648212e-01
   8.4290000e-01   9.4649363e-01
   8.4300000e-01   9.4650682e-01
   8.4310000e-01   9.4651669e-01
   8.4320000e-01   9.4647734e-01
   8.4330000e-01   9.4643993e-01
   8.4340000e-01   9.4640879e-01
   8.4350000e-01   7.6885321e-01
   8.4360000e-01   7.6886070e-01
   8.4370000e-01   7.6886389e-01
   8.4380000e-01   7.6886479e-01
   8.4390000e-01   7.6886488e-01
   8.4400000e-01   7.6886464e-01
   8.4410000e-01   7.6886423e-01
   8.4420000e-01   7.6886378e-01
   8.4430000e-01   7.6886328e-01
   8.4440000e-01   7.6886279e-01
   8.4450000e-01   7.6882959e-01
   8.4460000e-01   7.6879906e-01
   8.4470000e-01   7.6877110e-01
   8.4480000e-01   7.6874466e-01
   8.4490000e-01   7.6871912e-01
   8.4500000e-01   7.6869418e-01
   8.4510000e-01   7.6866965e-01
   8.4520000e-01   7.6864541e-01
   8.4530000e-01   7.6862141e-01
   8.4540000e-01   7.6859761e-01
   8.4550000e-01   7.6857397e-01
   8.4560000e-01   7.6855048e-01
   8.4570000e-01   7.6852710e-01
   8.4580000e-01   7.6850383e-01
   8.4590000e-01   7.6848065e-01
   8.4600000e-01   7.6845755e-01
   8.4610000e-01   7.6843451e-01
   8.4620000e-01   7.6841152e-01
   8.4630000e-01   7.6838857e-01
   8.4640000e-01   7.6836565e-01
   8.4650000e-01   7.6834275e-01
   8.4660000e-01   7.6832411e-01
   8.4670000e-01   7.6856571e-01
   8.4680000e-01   9.0035068e-01
   8.4690000e-01   9.0037121e-01
   8.4700000e-01   9.0037736e-01
   8.4710000e-01   9.0037779e-01
   8.4720000e-01   9.0037627e-01
   8.4730000e-01   9.0037429e-01
   8.4740000e-01   9.0037242e-01
   8.4750000e-01   9.0037081e-01
   8.4760000e-01   9.0036948e-01
   8.4770000e-01   9.0036840e-01
   8.4780000e-01   9.0036018e-01
   8.4790000e-01   9.0033801e-01
   8.4800000e-01   9.0031591e-01
   8.4810000e-01   9.0029437e-01
   8.4820000e-01   9.0027305e-01
   8.4830000e-01   9.0025165e-01
   8.4840000e-01   9.0022999e-01
   8.4850000e-01   9.0020789e-01
   8.4860000e-01   9.0018516e-01
   8.4870000e-01   9.0016171e-01
   8.4880000e-01   9.0013738e-01
   8.4890000e-01   9.0011207e-01
   8.4900000e-01   9.0008566e-01
   8.4910000e-01   9.0005809e-01
   8.4920000e-01   9.0002930e-01
   8.4930000e-01   9.0000415e-01
   8.4940000e-01   8.9996996e-01
   8.4950000e-01   8.9993515e-01
   8.4960000e-01   8.9989961e-01
   8.4970000e-01   8.9986348e-01
   8.4980000e-01   8.9982699e-01
   8.4990000e-01   8.9993690e-01
   8.5000000e-01   9.0009089e-01
   8.5010000e-01   9.0489779e-01
   8.5020000e-01   9.0269217e-01
   8.5030000e-01   9.0169214e-01
   8.5040000e-01   9.0122415e-01
   8.5050000e-01   9.0099330e-01
   8.5060000e-01   9.0087178e-01
   8.5070000e-01   9.0080417e-01
   8.5080000e-01   9.0076446e-01
   8.5090000e-01   9.0074009e-01
   8.5100000e-01   9.0072465e-01
   8.5110000e-01   9.0071468e-01
   8.5120000e-01   9.0070795e-01
   8.5130000e-01   9.0070419e-01
   8.5140000e-01   9.0070193e-01
   8.5150000e-01   9.0070072e-01
   8.5160000e-01   9.0070018e-01
   8.5170000e-01   9.0070004e-01
   8.5180000e-01   9.0070016e-01
   8.5190000e-01   9.0070049e-01
   8.5200000e-01   9.0070097e-01
   8.5210000e-01   9.0070161e-01
   8.5220000e-01   9.0070239e-01
   8.5230000e-01   9.0070332e-01
   8.5240000e-01   9.0070441e-01
   8.5250000e-01   9.0070565e-01
   8.5260000e-01   9.0070706e-01
   8.5270000e-01   9.0070861e-01
   8.5280000e-01   9.0071030e-01
   8.5290000e-01   9.0071211e-01
   8.5300000e-01   9.0071402e-01
   8.5310000e-01   9.0071867e-01
   8.5320000e-01   9.0072099e-01
   8.5330000e-01   9.0071994e-01
   8.5340000e-01   9.0071839e-01
   8.5350000e-01   8.2666590e-01
   8.5360000e-01   8.2666564e-01
   8.5370000e-01   8.2666552e-01
   8.5380000e-01   8.2666552e-01
   8.5390000e-01   8.2666567e-01
   8.5400000e-01   8.2666594e-01
   8.5410000e-01   8.2666629e-01
   8.5420000e-01   8.2666671e-01
   8.5430000e-01   8.2666715e-01
   8.5440000e-01   8.2666761e-01
   8.5450000e-01   8.2674415e-01
   8.5460000e-01   8.2693989e-01
   8.5470000e-01   8.2712639e-01
   8.5480000e-01   8.2730545e-01
   8.5490000e-01   8.2747910e-01
   8.5500000e-01   8.2764883e-01
   8.5510000e-01   8.2781558e-01
   8.5520000e-01   8.2797999e-01
   8.5530000e-01   8.2814252e-01
   8.5540000e-01   8.2830350e-01
   8.5550000e-01   8.2846319e-01
   8.5560000e-01   8.2862178e-01
   8.5570000e-01   8.2877940e-01
   8.5580000e-01   8.2893617e-01
   8.5590000e-01   8.2909216e-01
   8.5600000e-01   8.2924740e-01
   8.5610000e-01   8.2940189e-01
   8.5620000e-01   8.2955559e-01
   8.5630000e-01   8.2970841e-01
   8.5640000e-01   8.2984251e-01
   8.5650000e-01   8.2930069e-01
   8.5660000e-01   8.2834168e-01
   8.5670000e-01   8.2785195e-01
   8.5680000e-01   7.6985171e-01
   8.5690000e-01   7.6974408e-01
   8.5700000e-01   7.6970000e-01
   8.5710000e-01   7.6967931e-01
   8.5720000e-01   7.6966975e-01
   8.5730000e-01   7.6966525e-01
   8.5740000e-01   7.6966302e-01
   8.5750000e-01   7.6966184e-01
   8.5760000e-01   7.6966118e-01
   8.5770000e-01   7.6966079e-01
   8.5780000e-01   7.6966054e-01
   8.5790000e-01   7.6959693e-01
   8.5800000e-01   7.6949635e-01
   8.5810000e-01   7.6940827e-01
   8.5820000e-01   7.6932633e-01
   8.5830000e-01   7.6924849e-01
   8.5840000e-01   7.6917363e-01
   8.5850000e-01   7.6910102e-01
   8.5860000e-01   7.6903029e-01
   8.5870000e-01   7.6896106e-01
   8.5880000e-01   7.6889324e-01
   8.5890000e-01   7.6882674e-01
   8.5900000e-01   7.6876153e-01
   8.5910000e-01   7.6869755e-01
   8.5920000e-01   7.6863482e-01
   8.5930000e-01   7.6857333e-01
   8.5940000e-01   7.6851309e-01
   8.5950000e-01   7.6845410e-01
   8.5960000e-01   7.6839638e-01
   8.5970000e-01   7.6838750e-01
   8.5980000e-01   7.6897915e-01
   8.5990000e-01   7.6924444e-01
   8.6000000e-01   7.6935757e-01
   8.6010000e-01   7.5764134e-01
   8.6020000e-01   7.6402030e-01
   8.6030000e-01   7.6678911e-01
   8.6040000e-01   7.6793338e-01
   8.6050000e-01   7.6842249e-01
   8.6060000e-01   7.6862949e-01
   8.6070000e-01   7.6871880e-01
   8.6080000e-01   7.6875716e-01
   8.6090000e-01   7.6877377e-01
   8.6100000e-01   7.6878112e-01
   8.6110000e-01   7.6878455e-01
   8.6120000e-01   7.6878387e-01
   8.6130000e-01   7.6877524e-01
   8.6140000e-01   7.6876630e-01
   8.6150000e-01   7.6875719e-01
   8.6160000e-01   7.6874384e-01
   8.6170000e-01   7.6873569e-01
   8.6180000e-01   7.6872565e-01
   8.6190000e-01   7.6871491e-01
   8.6200000e-01   7.6870760e-01
   8.6210000e-01   7.6870130e-01
   8.6220000e-01   7.6869778e-01
   8.6230000e-01   7.6869364e-01
   8.6240000e-01   7.6868860e-01
   8.6250000e-01   7.6868380e-01
   8.6260000e-01   7.6867913e-01
   8.6270000e-01   7.6867458e-01
   8.6280000e-01   7.6867007e-01
   8.6290000e-01   7.6866545e-01
   8.6300000e-01   7.6865216e-01
   8.6310000e-01   7.6875092e-01
   8.6320000e-01   7.6875984e-01
   8.6330000e-01   7.6876400e-01
   8.6340000e-01   7.6876573e-01
   8.6350000e-01   7.6876645e-01
   8.6360000e-01   7.6876699e-01
   8.6370000e-01   7.6876714e-01
   8.6380000e-01   7.6876738e-01
   8.6390000e-01   7.6876754e-01
   8.6400000e-01   7.6876765e-01
   8.6410000e-01   7.6876777e-01
   8.6420000e-01   7.6876791e-01
   8.6430000e-01   7.6876809e-01
   8.6440000e-01   7.6876829e-01
   8.6450000e-01   7.6871272e-01
   8.6460000e-01   7.6865177e-01
   8.6470000e-01   7.6859690e-01
   8.6480000e-01   7.6854546e-01
   8.6490000e-01   7.6849604e-01
   8.6500000e-01   7.6844791e-01
   8.6510000e-01   7.6840069e-01
   8.6520000e-01   7.6835416e-01
   8.6530000e-01   7.6830817e-01
   8.6540000e-01   7.6826263e-01
   8.6550000e-01   7.6821746e-01
   8.6560000e-01   7.6817263e-01
   8.6570000e-01   7.6812809e-01
   8.6580000e-01   7.6808381e-01
   8.6590000e-01   7.6803976e-01
   8.6600000e-01   7.6799590e-01
   8.6610000e-01   7.6795222e-01
   8.6620000e-01   7.6790868e-01
   8.6630000e-01   7.6786528e-01
   8.6640000e-01   7.6782199e-01
   8.6650000e-01   7.6777878e-01
   8.6660000e-01   7.6818520e-01
   8.6670000e-01   7.6842716e-01
   8.6680000e-01   7.6852786e-01
   8.6690000e-01   7.6857082e-01
   8.6700000e-01   7.6859076e-01
   8.6710000e-01   7.6860031e-01
   8.6720000e-01   7.6860535e-01
   8.6730000e-01   7.6860837e-01
   8.6740000e-01   7.6861045e-01
   8.6750000e-01   7.6861210e-01
   8.6760000e-01   7.6861352e-01
   8.6770000e-01   7.6861481e-01
   8.6780000e-01   7.6861668e-01
   8.6790000e-01   7.6861992e-01
   8.6800000e-01   7.6862253e-01
   8.6810000e-01   7.6862483e-01
   8.6820000e-01   7.6862707e-01
   8.6830000e-01   7.6862947e-01
   8.6840000e-01   7.6863222e-01
   8.6850000e-01   7.6863548e-01
   8.6860000e-01   7.6863943e-01
   8.6870000e-01   7.6864415e-01
   8.6880000e-01   7.6864978e-01
   8.6890000e-01   7.6865643e-01
   8.6900000e-01   7.6866419e-01
   8.6910000e-01   7.6867310e-01
   8.6920000e-01   7.6868321e-01
   8.6930000e-01   7.6869453e-01
   8.6940000e-01   7.6870703e-01
   8.6950000e-01   7.6872065e-01
   8.6960000e-01   7.6873528e-01
   8.6970000e-01   7.6875079e-01
   8.6980000e-01   7.6876700e-01
   8.6990000e-01   7.6872490e-01
   8.7000000e-01   7.6868012e-01
   8.7010000e-01   7.6688606e-01
   8.7020000e-01   7.6781167e-01
   8.7030000e-01   7.6821490e-01
   8.7040000e-01   7.6838044e-01
   8.7050000e-01   7.6844935e-01
   8.7060000e-01   7.6847821e-01
   8.7070000e-01   7.6849032e-01
   8.7080000e-01   7.6849536e-01
   8.7090000e-01   7.6849740e-01
   8.7100000e-01   7.6849819e-01
   8.7110000e-01   7.6849844e-01
   8.7120000e-01   7.6848767e-01
   8.7130000e-01   7.6844589e-01
   8.7140000e-01   7.6840131e-01
   8.7150000e-01   7.6836017e-01
   8.7160000e-01   7.6832546e-01
   8.7170000e-01   7.6828831e-01
   8.7180000e-01   7.6825557e-01
   8.7190000e-01   7.6822472e-01
   8.7200000e-01   7.6819576e-01
   8.7210000e-01   7.6816873e-01
   8.7220000e-01   7.6814360e-01
   8.7230000e-01   7.6812030e-01
   8.7240000e-01   7.6809876e-01
   8.7250000e-01   7.6807882e-01
   8.7260000e-01   7.6806032e-01
   8.7270000e-01   7.6804302e-01
   8.7280000e-01   7.6802659e-01
   8.7290000e-01   7.6801065e-01
   8.7300000e-01   7.6798752e-01
   8.7310000e-01   7.6811396e-01
   8.7320000e-01   7.6827549e-01
   8.7330000e-01   7.6834231e-01
   8.7340000e-01   7.6837058e-01
   8.7350000e-01   7.6838263e-01
   8.7360000e-01   7.6838775e-01
   8.7370000e-01   7.6838992e-01
   8.7380000e-01   7.6839086e-01
   8.7390000e-01   7.6839129e-01
   8.7400000e-01   7.6839152e-01
   8.7410000e-01   7.6839170e-01
   8.7420000e-01   7.6839186e-01
   8.7430000e-01   7.6839203e-01
   8.7440000e-01   7.6839222e-01
   8.7450000e-01   7.6834997e-01
   8.7460000e-01   7.6829242e-01
   8.7470000e-01   7.6823993e-01
   8.7480000e-01   7.6819059e-01
   8.7490000e-01   7.6814323e-01
   8.7500000e-01   7.6809715e-01
   8.7510000e-01   7.6805198e-01
   8.7520000e-01   7.6800749e-01
   8.7530000e-01   7.6796352e-01
   8.7540000e-01   7.6791999e-01
   8.7550000e-01   7.6787682e-01
   8.7560000e-01   7.6783396e-01
   8.7570000e-01   7.6779137e-01
   8.7580000e-01   7.6774902e-01
   8.7590000e-01   7.6770688e-01
   8.7600000e-01   7.6766492e-01
   8.7610000e-01   7.6762312e-01
   8.7620000e-01   7.6758145e-01
   8.7630000e-01   7.6753990e-01
   8.7640000e-01   7.6749843e-01
   8.7650000e-01   7.6745705e-01
   8.7660000e-01   7.6775665e-01
   8.7670000e-01   7.6802133e-01
   8.7680000e-01   7.6813217e-01
   8.7690000e-01   7.6818320e-01
   8.7700000e-01   7.6820551e-01
   8.7710000e-01   7.6821573e-01
   8.7720000e-01   7.6822067e-01
   8.7730000e-01   7.6822326e-01
   8.7740000e-01   7.6822479e-01
   8.7750000e-01   7.6822586e-01
   8.7760000e-01   7.6822667e-01
   8.7770000e-01   7.6822735e-01
   8.7780000e-01   7.6822853e-01
   8.7790000e-01   7.6837877e-01
   8.7800000e-01   7.6855242e-01
   8.7810000e-01   7.6870972e-01
   8.7820000e-01   7.6885918e-01
   8.7830000e-01   7.6900440e-01
   8.7840000e-01   7.6914770e-01
   8.7850000e-01   7.6929075e-01
   8.7860000e-01   7.6943479e-01
   8.7870000e-01   7.6958054e-01
   8.7880000e-01   7.6972869e-01
   8.7890000e-01   7.6987962e-01
   8.7900000e-01   7.7003362e-01
   8.7910000e-01   7.7019072e-01
   8.7920000e-01   7.7035086e-01
   8.7930000e-01   7.7051373e-01
   8.7940000e-01   7.7067884e-01
   8.7950000e-01   7.7084550e-01
   8.7960000e-01   7.7101279e-01
   8.7970000e-01   7.7113192e-01
   8.7980000e-01   7.7026467e-01
   8.7990000e-01   7.6934309e-01
   8.8000000e-01   7.6898422e-01
   8.8010000e-01   7.5726890e-01
   8.8020000e-01   7.6263657e-01
   8.8030000e-01   7.6511865e-01
   8.8040000e-01   7.6626609e-01
   8.8050000e-01   7.6676901e-01
   8.8060000e-01   7.6699272e-01
   8.8070000e-01   7.6709070e-01
   8.8080000e-01   7.6713382e-01
   8.8090000e-01   7.6715282e-01
   8.8100000e-01   7.6716123e-01
   8.8110000e-01   7.6716495e-01
   8.8120000e-01   7.6716232e-01
   8.8130000e-01   7.6713856e-01
   8.8140000e-01   7.6711436e-01
   8.8150000e-01   7.6709236e-01
   8.8160000e-01   7.6707893e-01
   8.8170000e-01   7.6706156e-01
   8.8180000e-01   7.6704744e-01
   8.8190000e-01   7.6703529e-01
   8.8200000e-01   7.6702085e-01
   8.8210000e-01   7.6700646e-01
   8.8220000e-01   7.6699216e-01
   8.8230000e-01   7.6697794e-01
   8.8240000e-01   7.6696378e-01
   8.8250000e-01   7.6694967e-01
   8.8260000e-01   7.6693561e-01
   8.8270000e-01   7.6692158e-01
   8.8280000e-01   7.6690759e-01
   8.8290000e-01   7.6689362e-01
   8.8300000e-01   7.6687388e-01
   8.8310000e-01   7.6698040e-01
   8.8320000e-01   7.6706341e-01
   8.8330000e-01   7.6709962e-01
   8.8340000e-01   7.6711530e-01
   8.8350000e-01   7.6723397e-01
   8.8360000e-01   7.6723671e-01
   8.8370000e-01   7.6723803e-01
   8.8380000e-01   7.6723844e-01
   8.8390000e-01   7.6723857e-01
   8.8400000e-01   7.6723857e-01
   8.8410000e-01   7.6723849e-01
   8.8420000e-01   7.6723835e-01
   8.8430000e-01   7.6723816e-01
   8.8440000e-01   7.6723791e-01
   8.8450000e-01   7.6717481e-01
   8.8460000e-01   7.6694997e-01
   8.8470000e-01   7.6675142e-01
   8.8480000e-01   7.6656557e-01
   8.8490000e-01   7.6638797e-01
   8.8500000e-01   7.6621571e-01
   8.8510000e-01   7.6604699e-01
   8.8520000e-01   7.6588061e-01
   8.8530000e-01   7.6571581e-01
   8.8540000e-01   7.6555203e-01
   8.8550000e-01   7.6538888e-01
   8.8560000e-01   7.6522609e-01
   8.8570000e-01   7.6506345e-01
   8.8580000e-01   7.6490078e-01
   8.8590000e-01   7.6473800e-01
   8.8600000e-01   7.6457503e-01
   8.8610000e-01   7.6441184e-01
   8.8620000e-01   7.6424847e-01
   8.8630000e-01   7.6408499e-01
   8.8640000e-01   7.6396300e-01
   8.8650000e-01   7.6480222e-01
   8.8660000e-01   7.6585501e-01
   8.8670000e-01   7.6629784e-01
   8.8680000e-01   9.4467233e-01
   8.8690000e-01   9.4484181e-01
   8.8700000e-01   9.4493921e-01
   8.8710000e-01   9.4499925e-01
   8.8720000e-01   9.4503772e-01
   8.8730000e-01   9.4506214e-01
   8.8740000e-01   9.4507788e-01
   8.8750000e-01   9.4508814e-01
   8.8760000e-01   9.4509490e-01
   8.8770000e-01   9.4509938e-01
   8.8780000e-01   9.4510040e-01
   8.8790000e-01   9.4509958e-01
   8.8800000e-01   9.4509881e-01
   8.8810000e-01   9.4509803e-01
   8.8820000e-01   9.4509716e-01
   8.8830000e-01   9.4509618e-01
   8.8840000e-01   9.4509503e-01
   8.8850000e-01   9.4509368e-01
   8.8860000e-01   9.4509211e-01
   8.8870000e-01   9.4509032e-01
   8.8880000e-01   9.4508828e-01
   8.8890000e-01   9.4508601e-01
   8.8900000e-01   9.4508349e-01
   8.8910000e-01   9.4508071e-01
   8.8920000e-01   9.4507769e-01
   8.8930000e-01   9.4507441e-01
   8.8940000e-01   9.4507088e-01
   8.8950000e-01   9.4506709e-01
   8.8960000e-01   9.4506305e-01
   8.8970000e-01   9.4505876e-01
   8.8980000e-01   9.4505421e-01
   8.8990000e-01   9.4507136e-01
   8.9000000e-01   9.4510007e-01
   8.9010000e-01   9.4528697e-01
   8.9020000e-01   9.4525512e-01
   8.9030000e-01   9.4523042e-01
   8.9040000e-01   9.4520295e-01
   8.9050000e-01   9.4517355e-01
   8.9060000e-01   9.4514971e-01
   8.9070000e-01   9.4513113e-01
   8.9080000e-01   9.4511690e-01
   8.9090000e-01   9.4510618e-01
   8.9100000e-01   9.4509815e-01
   8.9110000e-01   9.4509213e-01
   8.9120000e-01   9.4508841e-01
   8.9130000e-01   9.4509352e-01
   8.9140000e-01   9.4508552e-01
   8.9150000e-01   9.4508413e-01
   8.9160000e-01   9.4509235e-01
   8.9170000e-01   9.4509886e-01
   8.9180000e-01   9.4510438e-01
   8.9190000e-01   9.4511021e-01
   8.9200000e-01   9.4511558e-01
   8.9210000e-01   9.4512085e-01
   8.9220000e-01   9.4512620e-01
   8.9230000e-01   9.4513173e-01
   8.9240000e-01   9.4513747e-01
   8.9250000e-01   9.4514342e-01
   8.9260000e-01   9.4514959e-01
   8.9270000e-01   9.4515594e-01
   8.9280000e-01   9.4516244e-01
   8.9290000e-01   9.4516578e-01
   8.9300000e-01   9.4518501e-01
   8.9310000e-01   9.4516335e-01
   8.9320000e-01   9.4514451e-01
   8.9330000e-01   9.4512265e-01
   8.9340000e-01   9.4510576e-01
   8.9350000e-01   7.6646169e-01
   8.9360000e-01   7.6646357e-01
   8.9370000e-01   7.6646359e-01
   8.9380000e-01   7.6646321e-01
   8.9390000e-01   7.6646245e-01
   8.9400000e-01   7.6646151e-01
   8.9410000e-01   7.6646049e-01
   8.9420000e-01   7.6645943e-01
   8.9430000e-01   7.6645835e-01
   8.9440000e-01   7.6645730e-01
   8.9450000e-01   7.6641196e-01
   8.9460000e-01   7.6613572e-01
   8.9470000e-01   7.6567128e-01
   8.9480000e-01   7.6506569e-01
   8.9490000e-01   7.6435837e-01
   8.9500000e-01   7.6358420e-01
   8.9510000e-01   7.6277502e-01
   8.9520000e-01   7.6196084e-01
   8.9530000e-01   7.6117047e-01
   8.9540000e-01   7.6043178e-01
   8.9550000e-01   7.5977195e-01
   8.9560000e-01   7.5921752e-01
   8.9570000e-01   7.5879442e-01
   8.9580000e-01   7.5852801e-01
   8.9590000e-01   7.5844308e-01
   8.9600000e-01   7.5856386e-01
   8.9610000e-01   7.5891396e-01
   8.9620000e-01   7.5951633e-01
   8.9630000e-01   7.6039329e-01
   8.9640000e-01   7.6156651e-01
   8.9650000e-01   7.6305698e-01
   8.9660000e-01   7.6420095e-01
   8.9670000e-01   7.6463444e-01
   8.9680000e-01   8.9737112e-01
   8.9690000e-01   8.9737881e-01
   8.9700000e-01   8.9736777e-01
   8.9710000e-01   8.9735203e-01
   8.9720000e-01   8.9733705e-01
   8.9730000e-01   8.9732450e-01
   8.9740000e-01   8.9731458e-01
   8.9750000e-01   8.9730694e-01
   8.9760000e-01   8.9730116e-01
   8.9770000e-01   8.9729681e-01
   8.9780000e-01   8.9729353e-01
   8.9790000e-01   8.9729059e-01
   8.9800000e-01   8.9728521e-01
   8.9810000e-01   8.9728054e-01
   8.9820000e-01   8.9727582e-01
   8.9830000e-01   8.9727117e-01
   8.9840000e-01   8.9726679e-01
   8.9850000e-01   8.9726282e-01
   8.9860000e-01   8.9725945e-01
   8.9870000e-01   8.9725674e-01
   8.9880000e-01   8.9725486e-01
   8.9890000e-01   8.9725388e-01
   8.9900000e-01   8.9725392e-01
   8.9910000e-01   8.9725503e-01
   8.9920000e-01   8.9725727e-01
   8.9930000e-01   8.9726066e-01
   8.9940000e-01   8.9726517e-01
   8.9950000e-01   8.9727076e-01
   8.9960000e-01   8.9727734e-01
   8.9970000e-01   8.9728478e-01
   8.9980000e-01   8.9729289e-01
   8.9990000e-01   8.9728771e-01
   9.0000000e-01   8.9728164e-01
   9.0010000e-01   9.0644886e-01
   9.0020000e-01   9.0174841e-01
   9.0030000e-01   8.9980101e-01
   9.0040000e-01   8.9901903e-01
   9.0050000e-01   8.9871909e-01
   9.0060000e-01   8.9861353e-01
   9.0070000e-01   8.9858451e-01
   9.0080000e-01   8.9858329e-01
   9.0090000e-01   8.9859048e-01
   9.0100000e-01   8.9859885e-01
   9.0110000e-01   8.9860613e-01
   9.0120000e-01   8.9861183e-01
   9.0130000e-01   8.9861268e-01
   9.0140000e-01   8.9861960e-01
   9.0150000e-01   8.9862500e-01
   9.0160000e-01   8.9862682e-01
   9.0170000e-01   8.9862903e-01
   9.0180000e-01   8.9863142e-01
   9.0190000e-01   8.9863393e-01
   9.0200000e-01   8.9863659e-01
   9.0210000e-01   8.9863895e-01
   9.0220000e-01   8.9863944e-01
   9.0230000e-01   8.9864289e-01
   9.0240000e-01   8.9864610e-01
   9.0250000e-01   8.9864927e-01
   9.0260000e-01   8.9865242e-01
   9.0270000e-01   8.9865552e-01
   9.0280000e-01   8.9865854e-01
   9.0290000e-01   8.9866147e-01
   9.0300000e-01   8.9866661e-01
   9.0310000e-01   8.9867315e-01
   9.0320000e-01   8.9866612e-01
   9.0330000e-01   8.9865907e-01
   9.0340000e-01   8.9865365e-01
   9.0350000e-01   8.2411081e-01
   9.0360000e-01   8.2410879e-01
   9.0370000e-01   8.2410824e-01
   9.0380000e-01   8.2410685e-01
   9.0390000e-01   8.2410573e-01
   9.0400000e-01   8.2410489e-01
   9.0410000e-01   8.2410423e-01
   9.0420000e-01   8.2410373e-01
   9.0430000e-01   8.2410333e-01
   9.0440000e-01   8.2410301e-01
   9.0450000e-01   8.2410276e-01
   9.0460000e-01   8.2407864e-01
   9.0470000e-01   8.2405369e-01
   9.0480000e-01   8.2402978e-01
   9.0490000e-01   8.2400653e-01
   9.0500000e-01   8.2398381e-01
   9.0510000e-01   8.2396154e-01
   9.0520000e-01   8.2393965e-01
   9.0530000e-01   8.2391811e-01
   9.0540000e-01   8.2389690e-01
   9.0550000e-01   8.2387600e-01
   9.0560000e-01   8.2385539e-01
   9.0570000e-01   8.2383508e-01
   9.0580000e-01   8.2381504e-01
   9.0590000e-01   8.2379528e-01
   9.0600000e-01   8.2377579e-01
   9.0610000e-01   8.2375656e-01
   9.0620000e-01   8.2373759e-01
   9.0630000e-01   8.2371887e-01
   9.0640000e-01   8.2387028e-01
   9.0650000e-01   8.2395305e-01
   9.0660000e-01   8.2398782e-01
   9.0670000e-01   8.2400388e-01
   9.0680000e-01   7.6676999e-01
   9.0690000e-01   7.6677347e-01
   9.0700000e-01   7.6677745e-01
   9.0710000e-01   7.6677851e-01
   9.0720000e-01   7.6677893e-01
   9.0730000e-01   7.6677919e-01
   9.0740000e-01   7.6677935e-01
   9.0750000e-01   7.6677947e-01
   9.0760000e-01   7.6677956e-01
   9.0770000e-01   7.6677963e-01
   9.0780000e-01   7.6677610e-01
   9.0790000e-01   7.6671663e-01
   9.0800000e-01   7.6666986e-01
   9.0810000e-01   7.6662713e-01
   9.0820000e-01   7.6658573e-01
   9.0830000e-01   7.6654540e-01
   9.0840000e-01   7.6650600e-01
   9.0850000e-01   7.6646735e-01
   9.0860000e-01   7.6642929e-01
   9.0870000e-01   7.6639166e-01
   9.0880000e-01   7.6635438e-01
   9.0890000e-01   7.6631739e-01
   9.0900000e-01   7.6628064e-01
   9.0910000e-01   7.6624410e-01
   9.0920000e-01   7.6620774e-01
   9.0930000e-01   7.6617153e-01
   9.0940000e-01   7.6613545e-01
   9.0950000e-01   7.6609948e-01
   9.0960000e-01   7.6606361e-01
   9.0970000e-01   7.6602781e-01
   9.0980000e-01   7.6599208e-01
   9.0990000e-01   7.6634624e-01
   9.1000000e-01   7.6651416e-01
   9.1010000e-01   7.6435000e-01
   9.1020000e-01   7.6555179e-01
   9.1030000e-01   7.6605387e-01
   9.1040000e-01   7.6624197e-01
   9.1050000e-01   7.6631655e-01
   9.1060000e-01   7.6634642e-01
   9.1070000e-01   7.6635802e-01
   9.1080000e-01   7.6636246e-01
   9.1090000e-01   7.6636413e-01
   9.1100000e-01   7.6636474e-01
   9.1110000e-01   7.6636496e-01
   9.1120000e-01   7.6636496e-01
   9.1130000e-01   7.6634530e-01
   9.1140000e-01   7.6633171e-01
   9.1150000e-01   7.6631411e-01
   9.1160000e-01   7.6629982e-01
   9.1170000e-01   7.6628563e-01
   9.1180000e-01   7.6627144e-01
   9.1190000e-01   7.6625724e-01
   9.1200000e-01   7.6624293e-01
   9.1210000e-01   7.6622841e-01
   9.1220000e-01   7.6621360e-01
   9.1230000e-01   7.6619842e-01
   9.1240000e-01   7.6618281e-01
   9.1250000e-01   7.6616675e-01
   9.1260000e-01   7.6615020e-01
   9.1270000e-01   7.6613317e-01
   9.1280000e-01   7.6611568e-01
   9.1290000e-01   7.6609987e-01
   9.1300000e-01   7.6606619e-01
   9.1310000e-01   7.6620185e-01
   9.1320000e-01   7.6627038e-01
   9.1330000e-01   7.6629980e-01
   9.1340000e-01   7.6631265e-01
   9.1350000e-01   7.6631845e-01
   9.1360000e-01   7.6632099e-01
   9.1370000e-01   7.6632248e-01
   9.1380000e-01   7.6632328e-01
   9.1390000e-01   7.6632393e-01
   9.1400000e-01   7.6632452e-01
   9.1410000e-01   7.6632510e-01
   9.1420000e-01   7.6632566e-01
   9.1430000e-01   7.6632621e-01
   9.1440000e-01   7.6632675e-01
   9.1450000e-01   7.6635902e-01
   9.1460000e-01   7.6661927e-01
   9.1470000e-01   7.6707661e-01
   9.1480000e-01   7.6768263e-01
   9.1490000e-01   7.6839661e-01
   9.1500000e-01   7.6918244e-01
   9.1510000e-01   7.7000702e-01
   9.1520000e-01   7.7083904e-01
   9.1530000e-01   7.7164834e-01
   9.1540000e-01   7.7240557e-01
   9.1550000e-01   7.7308204e-01
   9.1560000e-01   7.7364961e-01
   9.1570000e-01   7.7408072e-01
   9.1580000e-01   7.7434840e-01
   9.1590000e-01   7.7442631e-01
   9.1600000e-01   7.7428877e-01
   9.1610000e-01   7.7391092e-01
   9.1620000e-01   7.7326878e-01
   9.1630000e-01   7.7233933e-01
   9.1640000e-01   7.7110060e-01
   9.1650000e-01   7.6956589e-01
   9.1660000e-01   7.6859028e-01
   9.1670000e-01   7.6817253e-01
   9.1680000e-01   7.6799072e-01
   9.1690000e-01   7.6790989e-01
   9.1700000e-01   7.6787121e-01
   9.1710000e-01   7.6785128e-01
   9.1720000e-01   7.6784225e-01
   9.1730000e-01   7.6783736e-01
   9.1740000e-01   7.6783430e-01
   9.1750000e-01   7.6783216e-01
   9.1760000e-01   7.6783046e-01
   9.1770000e-01   7.6782899e-01
   9.1780000e-01   7.6782709e-01
   9.1790000e-01   7.6766393e-01
   9.1800000e-01   7.6742986e-01
   9.1810000e-01   7.6721663e-01
   9.1820000e-01   7.6701567e-01
   9.1830000e-01   7.6682172e-01
   9.1840000e-01   7.6663132e-01
   9.1850000e-01   7.6644215e-01
   9.1860000e-01   7.6625255e-01
   9.1870000e-01   7.6606144e-01
   9.1880000e-01   7.6586795e-01
   9.1890000e-01   7.6567156e-01
   9.1900000e-01   7.6547189e-01
   9.1910000e-01   7.6526885e-01
   9.1920000e-01   7.6506247e-01
   9.1930000e-01   7.6485307e-01
   9.1940000e-01   7.6464118e-01
   9.1950000e-01   7.6442759e-01
   9.1960000e-01   7.6421332e-01
   9.1970000e-01   7.6443325e-01
   9.1980000e-01   7.6548836e-01
   9.1990000e-01   7.6649621e-01
   9.2000000e-01   7.6689379e-01
   9.2010000e-01   7.6877198e-01
   9.2020000e-01   7.6790852e-01
   9.2030000e-01   7.6752360e-01
   9.2040000e-01   7.6735738e-01
   9.2050000e-01   7.6728421e-01
   9.2060000e-01   7.6725150e-01
   9.2070000e-01   7.6723678e-01
   9.2080000e-01   7.6723011e-01
   9.2090000e-01   7.6722695e-01
   9.2100000e-01   7.6722541e-01
   9.2110000e-01   7.6722447e-01
   9.2120000e-01   7.6722330e-01
   9.2130000e-01   7.6719615e-01
   9.2140000e-01   7.6717768e-01
   9.2150000e-01   7.6716041e-01
   9.2160000e-01   7.6714427e-01
   9.2170000e-01   7.6712912e-01
   9.2180000e-01   7.6711484e-01
   9.2190000e-01   7.6710139e-01
   9.2200000e-01   7.6708874e-01
   9.2210000e-01   7.6707881e-01
   9.2220000e-01   7.6706628e-01
   9.2230000e-01   7.6705382e-01
   9.2240000e-01   7.6704053e-01
   9.2250000e-01   7.6702668e-01
   9.2260000e-01   7.6701251e-01
   9.2270000e-01   7.6699809e-01
   9.2280000e-01   7.6698442e-01
   9.2290000e-01   7.6696130e-01
   9.2300000e-01   7.6696032e-01
   9.2310000e-01   7.6704551e-01
   9.2320000e-01   7.6711467e-01
   9.2330000e-01   7.6714353e-01
   9.2340000e-01   7.6715550e-01
   9.2350000e-01   7.6716030e-01
   9.2360000e-01   7.6716179e-01
   9.2370000e-01   7.6716222e-01
   9.2380000e-01   7.6716197e-01
   9.2390000e-01   7.6716160e-01
   9.2400000e-01   7.6716121e-01
   9.2410000e-01   7.6716084e-01
   9.2420000e-01   7.6716050e-01
   9.2430000e-01   7.6716019e-01
   9.2440000e-01   7.6715992e-01
   9.2450000e-01   7.6715969e-01
   9.2460000e-01   7.6709901e-01
   9.2470000e-01   7.6682319e-01
   9.2480000e-01   7.6638615e-01
   9.2490000e-01   7.6583342e-01
   9.2500000e-01   7.6520418e-01
   9.2510000e-01   7.6453351e-01
   9.2520000e-01   7.6385395e-01
   9.2530000e-01   7.6319639e-01
   9.2540000e-01   7.6259057e-01
   9.2550000e-01   7.6206535e-01
   9.2560000e-01   7.6164882e-01
   9.2570000e-01   7.6136841e-01
   9.2580000e-01   7.6125086e-01
   9.2590000e-01   7.6132227e-01
   9.2600000e-01   7.6160810e-01
   9.2610000e-01   7.6213310e-01
   9.2620000e-01   7.6292128e-01
   9.2630000e-01   7.6399590e-01
   9.2640000e-01   7.6513206e-01
   9.2650000e-01   7.6571356e-01
   9.2660000e-01   7.6596274e-01
   9.2670000e-01   7.6607206e-01
   9.2680000e-01   7.6612093e-01
   9.2690000e-01   7.6614376e-01
   9.2700000e-01   7.6615514e-01
   9.2710000e-01   7.6616100e-01
   9.2720000e-01   7.6616451e-01
   9.2730000e-01   7.6616690e-01
   9.2740000e-01   7.6616875e-01
   9.2750000e-01   7.6617031e-01
   9.2760000e-01   7.6617173e-01
   9.2770000e-01   7.6617306e-01
   9.2780000e-01   7.6617435e-01
   9.2790000e-01   7.6617434e-01
   9.2800000e-01   7.6617518e-01
   9.2810000e-01   7.6617252e-01
   9.2820000e-01   7.6616989e-01
   9.2830000e-01   7.6616717e-01
   9.2840000e-01   7.6616413e-01
   9.2850000e-01   7.6616058e-01
   9.2860000e-01   7.6615637e-01
   9.2870000e-01   7.6615147e-01
   9.2880000e-01   7.6614622e-01
   9.2890000e-01   7.6614007e-01
   9.2900000e-01   7.6613852e-01
   9.2910000e-01   7.6613393e-01
   9.2920000e-01   7.6613038e-01
   9.2930000e-01   7.6612749e-01
   9.2940000e-01   7.6612489e-01
   9.2950000e-01   7.6612229e-01
   9.2960000e-01   7.6611942e-01
   9.2970000e-01   7.6611600e-01
   9.2980000e-01   7.6610255e-01
   9.2990000e-01   7.6615023e-01
   9.3000000e-01   7.6617080e-01
   9.3010000e-01   7.6460204e-01
   9.3020000e-01   7.6541733e-01
   9.3030000e-01   7.6577990e-01
   9.3040000e-01   7.6593012e-01
   9.3050000e-01   7.6600267e-01
   9.3060000e-01   7.6603135e-01
   9.3070000e-01   7.6604495e-01
   9.3080000e-01   7.6605107e-01
   9.3090000e-01   7.6605387e-01
   9.3100000e-01   7.6605515e-01
   9.3110000e-01   7.6605575e-01
   9.3120000e-01   7.6605604e-01
   9.3130000e-01   7.6604445e-01
   9.3140000e-01   7.6602699e-01
   9.3150000e-01   7.6601667e-01
   9.3160000e-01   7.6600343e-01
   9.3170000e-01   7.6599031e-01
   9.3180000e-01   7.6597463e-01
   9.3190000e-01   7.6596219e-01
   9.3200000e-01   7.6595048e-01
   9.3210000e-01   7.6593982e-01
   9.3220000e-01   7.6593025e-01
   9.3230000e-01   7.6592174e-01
   9.3240000e-01   7.6591422e-01
   9.3250000e-01   7.6590761e-01
   9.3260000e-01   7.6590181e-01
   9.3270000e-01   7.6589671e-01
   9.3280000e-01   7.6589213e-01
   9.3290000e-01   7.6588241e-01
   9.3300000e-01   7.6589403e-01
   9.3310000e-01   7.6593963e-01
   9.3320000e-01   7.6598067e-01
   9.3330000e-01   7.6599716e-01
   9.3340000e-01   7.6600362e-01
   9.3350000e-01   7.6600586e-01
   9.3360000e-01   7.6600633e-01
   9.3370000e-01   7.6600610e-01
   9.3380000e-01   7.6600551e-01
   9.3390000e-01   7.6600479e-01
   9.3400000e-01   7.6600401e-01
   9.3410000e-01   7.6600320e-01
   9.3420000e-01   7.6600238e-01
   9.3430000e-01   7.6600156e-01
   9.3440000e-01   7.6600076e-01
   9.3450000e-01   7.6596819e-01
   9.3460000e-01   7.6570754e-01
   9.3470000e-01   7.6524980e-01
   9.3480000e-01   7.6464358e-01
   9.3490000e-01   7.6392990e-01
   9.3500000e-01   7.6314490e-01
   9.3510000e-01   7.6232192e-01
   9.3520000e-01   7.6149233e-01
   9.3530000e-01   7.6068625e-01
   9.3540000e-01   7.5993286e-01
   9.3550000e-01   7.5926059e-01
   9.3560000e-01   7.5869722e-01
   9.3570000e-01   7.5826989e-01
   9.3580000e-01   7.5800514e-01
   9.3590000e-01   7.5792887e-01
   9.3600000e-01   7.5806639e-01
   9.3610000e-01   7.5844235e-01
   9.3620000e-01   7.5908067e-01
   9.3630000e-01   7.6000460e-01
   9.3640000e-01   7.6123665e-01
   9.3650000e-01   7.6276457e-01
   9.3660000e-01   7.6373631e-01
   9.3670000e-01   7.6415234e-01
   9.3680000e-01   7.6433331e-01
   9.3690000e-01   7.6441336e-01
   9.3700000e-01   7.6445171e-01
   9.3710000e-01   7.6447142e-01
   9.3720000e-01   7.6448029e-01
   9.3730000e-01   7.6448508e-01
   9.3740000e-01   7.6448806e-01
   9.3750000e-01   7.6449015e-01
   9.3760000e-01   7.6449181e-01
   9.3770000e-01   7.6449324e-01
   9.3780000e-01   7.6449455e-01
   9.3790000e-01   7.6449553e-01
   9.3800000e-01   7.6442717e-01
   9.3810000e-01   7.6437040e-01
   9.3820000e-01   7.6431729e-01
   9.3830000e-01   7.6426671e-01
   9.3840000e-01   7.6421798e-01
   9.3850000e-01   7.6417067e-01
   9.3860000e-01   7.6412454e-01
   9.3870000e-01   7.6407938e-01
   9.3880000e-01   7.6403511e-01
   9.3890000e-01   7.6399170e-01
   9.3900000e-01   7.6394908e-01
   9.3910000e-01   7.6390725e-01
   9.3920000e-01   7.6386619e-01
   9.3930000e-01   7.6382589e-01
   9.3940000e-01   7.6378636e-01
   9.3950000e-01   7.6374760e-01
   9.3960000e-01   7.6374486e-01
   9.3970000e-01   7.6413500e-01
   9.3980000e-01   7.6428681e-01
   9.3990000e-01   7.6435248e-01
   9.4000000e-01   7.6438153e-01
   9.4010000e-01   7.4980013e-01
   9.4020000e-01   7.5768626e-01
   9.4030000e-01   7.6112458e-01
   9.4040000e-01   7.6261424e-01
   9.4050000e-01   7.6326285e-01
   9.4060000e-01   7.6354651e-01
   9.4070000e-01   7.6367054e-01
   9.4080000e-01   7.6372484e-01
   9.4090000e-01   7.6374884e-01
   9.4100000e-01   7.6375949e-01
   9.4110000e-01   7.6376453e-01
   9.4120000e-01   7.6376702e-01
   9.4130000e-01   7.6374023e-01
   9.4140000e-01   7.6371686e-01
   9.4150000e-01   7.6369283e-01
   9.4160000e-01   7.6367345e-01
   9.4170000e-01   7.6365565e-01
   9.4180000e-01   7.6363908e-01
   9.4190000e-01   7.6362359e-01
   9.4200000e-01   7.6360907e-01
   9.4210000e-01   7.6359544e-01
   9.4220000e-01   7.6358263e-01
   9.4230000e-01   7.6357053e-01
   9.4240000e-01   7.6355903e-01
   9.4250000e-01   7.6354798e-01
   9.4260000e-01   7.6353720e-01
   9.4270000e-01   7.6352668e-01
   9.4280000e-01   7.6351543e-01
   9.4290000e-01   7.6351151e-01
   9.4300000e-01   7.6348334e-01
   9.4310000e-01   7.6363137e-01
   9.4320000e-01   7.6368813e-01
   9.4330000e-01   7.6371231e-01
   9.4340000e-01   7.6372283e-01
   9.4350000e-01   7.6382641e-01
   9.4360000e-01   7.6382896e-01
   9.4370000e-01   7.6383025e-01
   9.4380000e-01   7.6383127e-01
   9.4390000e-01   7.6383202e-01
   9.4400000e-01   7.6383264e-01
   9.4410000e-01   7.6383321e-01
   9.4420000e-01   7.6383373e-01
   9.4430000e-01   7.6383424e-01
   9.4440000e-01   7.6383472e-01
   9.4450000e-01   7.6383518e-01
   9.4460000e-01   7.6387779e-01
   9.4470000e-01   7.6412626e-01
   9.4480000e-01   7.6453495e-01
   9.4490000e-01   7.6505838e-01
   9.4500000e-01   7.6565763e-01
   9.4510000e-01   7.6629795e-01
   9.4520000e-01   7.6694723e-01
   9.4530000e-01   7.6757502e-01
   9.4540000e-01   7.6815199e-01
   9.4550000e-01   7.6864967e-01
   9.4560000e-01   7.6904032e-01
   9.4570000e-01   7.6929685e-01
   9.4580000e-01   7.6939287e-01
   9.4590000e-01   7.6930270e-01
   9.4600000e-01   7.6900138e-01
   9.4610000e-01   7.6846484e-01
   9.4620000e-01   7.6766993e-01
   9.4630000e-01   7.6659453e-01
   9.4640000e-01   7.6556344e-01
   9.4650000e-01   7.6511448e-01
   9.4660000e-01   7.6491920e-01
   9.4670000e-01   7.6483628e-01
   9.4680000e-01   9.4306167e-01
   9.4690000e-01   9.4298226e-01
   9.4700000e-01   9.4293090e-01
   9.4710000e-01   9.4289864e-01
   9.4720000e-01   9.4287718e-01
   9.4730000e-01   9.4286272e-01
   9.4740000e-01   9.4285287e-01
   9.4750000e-01   9.4284605e-01
   9.4760000e-01   9.4284124e-01
   9.4770000e-01   9.4283778e-01
   9.4780000e-01   9.4283521e-01
   9.4790000e-01   9.4282965e-01
   9.4800000e-01   9.4282455e-01
   9.4810000e-01   9.4282120e-01
   9.4820000e-01   9.4281867e-01
   9.4830000e-01   9.4281651e-01
   9.4840000e-01   9.4281445e-01
   9.4850000e-01   9.4281238e-01
   9.4860000e-01   9.4281023e-01
   9.4870000e-01   9.4280793e-01
   9.4880000e-01   9.4279819e-01
   9.4890000e-01   9.4279908e-01
   9.4900000e-01   9.4279563e-01
   9.4910000e-01   9.4279521e-01
   9.4920000e-01   9.4279204e-01
   9.4930000e-01   9.4278695e-01
   9.4940000e-01   9.4278162e-01
   9.4950000e-01   9.4277598e-01
   9.4960000e-01   9.4277000e-01
   9.4970000e-01   9.4276372e-01
   9.4980000e-01   9.4276104e-01
   9.4990000e-01   9.4280384e-01
   9.5000000e-01   9.4282661e-01
   9.5010000e-01   9.4417104e-01
   9.5020000e-01   9.4353064e-01
   9.5030000e-01   9.4327050e-01
   9.5040000e-01   9.4314362e-01
   9.5050000e-01   9.4307498e-01
   9.5060000e-01   9.4303513e-01
   9.5070000e-01   9.4300823e-01
   9.5080000e-01   9.4298970e-01
   9.5090000e-01   9.4297671e-01
   9.5100000e-01   9.4296756e-01
   9.5110000e-01   9.4296113e-01
   9.5120000e-01   9.4295670e-01
   9.5130000e-01   9.4295475e-01
   9.5140000e-01   9.4295594e-01
   9.5150000e-01   9.4295770e-01
   9.5160000e-01   9.4296348e-01
   9.5170000e-01   9.4296825e-01
   9.5180000e-01   9.4296434e-01
   9.5190000e-01   9.4297590e-01
   9.5200000e-01   9.4298462e-01
   9.5210000e-01   9.4299195e-01
   9.5220000e-01   9.4299878e-01
   9.5230000e-01   9.4300551e-01
   9.5240000e-01   9.4301233e-01
   9.5250000e-01   9.4301930e-01
   9.5260000e-01   9.4302646e-01
   9.5270000e-01   9.4303377e-01
   9.5280000e-01   9.4304120e-01
   9.5290000e-01   9.4304620e-01
   9.5300000e-01   9.4305659e-01
   9.5310000e-01   9.4304856e-01
   9.5320000e-01   9.4302737e-01
   9.5330000e-01   9.4301149e-01
   9.5340000e-01   9.4300032e-01
   9.5350000e-01   7.6510636e-01
   9.5360000e-01   7.6510878e-01
   9.5370000e-01   7.6511026e-01
   9.5380000e-01   7.6511139e-01
   9.5390000e-01   7.6511238e-01
   9.5400000e-01   7.6511332e-01
   9.5410000e-01   7.6511427e-01
   9.5420000e-01   7.6511521e-01
   9.5430000e-01   7.6511617e-01
   9.5440000e-01   7.6511714e-01
   9.5450000e-01   7.6513792e-01
   9.5460000e-01   7.6536456e-01
   9.5470000e-01   7.6578693e-01
   9.5480000e-01   7.6635332e-01
   9.5490000e-01   7.6702321e-01
   9.5500000e-01   7.6776166e-01
   9.5510000e-01   7.6853665e-01
   9.5520000e-01   7.6931800e-01
   9.5530000e-01   7.7007676e-01
   9.5540000e-01   7.7078478e-01
   9.5550000e-01   7.7141458e-01
   9.5560000e-01   7.7193924e-01
   9.5570000e-01   7.7233234e-01
   9.5580000e-01   7.7256808e-01
   9.5590000e-01   7.7262122e-01
   9.5600000e-01   7.7246714e-01
   9.5610000e-01   7.7208199e-01
   9.5620000e-01   7.7144274e-01
   9.5630000e-01   7.7052727e-01
   9.5640000e-01   7.6931441e-01
   9.5650000e-01   7.6782868e-01
   9.5660000e-01   7.6705424e-01
   9.5670000e-01   7.6673061e-01
   9.5680000e-01   8.9896506e-01
   9.5690000e-01   8.9896058e-01
   9.5700000e-01   8.9897066e-01
   9.5710000e-01   8.9898405e-01
   9.5720000e-01   8.9899662e-01
   9.5730000e-01   8.9900712e-01
   9.5740000e-01   8.9901543e-01
   9.5750000e-01   8.9902183e-01
   9.5760000e-01   8.9902671e-01
   9.5770000e-01   8.9903041e-01
   9.5780000e-01   8.9903322e-01
   9.5790000e-01   8.9911133e-01
   9.5800000e-01   8.9932432e-01
   9.5810000e-01   8.9952251e-01
   9.5820000e-01   8.9971643e-01
   9.5830000e-01   8.9990882e-01
   9.5840000e-01   9.0010143e-01
   9.5850000e-01   9.0029552e-01
   9.5860000e-01   9.0049211e-01
   9.5870000e-01   9.0069175e-01
   9.5880000e-01   9.0089506e-01
   9.5890000e-01   9.0110239e-01
   9.5900000e-01   9.0131403e-01
   9.5910000e-01   9.0152999e-01
   9.5920000e-01   9.0175020e-01
   9.5930000e-01   9.0197431e-01
   9.5940000e-01   9.0220175e-01
   9.5950000e-01   9.0243171e-01
   9.5960000e-01   9.0263330e-01
   9.5970000e-01   9.0213177e-01
   9.5980000e-01   9.0108659e-01
   9.5990000e-01   9.0041569e-01
   9.6000000e-01   9.0006596e-01
   9.6010000e-01   9.0448789e-01
   9.6020000e-01   9.0181548e-01
   9.6030000e-01   9.0071493e-01
   9.6040000e-01   9.0026611e-01
   9.6050000e-01   9.0008689e-01
   9.6060000e-01   9.0001940e-01
   9.6070000e-01   8.9999687e-01
   9.6080000e-01   8.9999152e-01
   9.6090000e-01   8.9999209e-01
   9.6100000e-01   8.9999419e-01
   9.6110000e-01   8.9999627e-01
   9.6120000e-01   8.9999788e-01
   9.6130000e-01   8.9999982e-01
   9.6140000e-01   8.9999979e-01
   9.6150000e-01   9.0000329e-01
   9.6160000e-01   9.0000462e-01
   9.6170000e-01   9.0000580e-01
   9.6180000e-01   9.0000700e-01
   9.6190000e-01   9.0000830e-01
   9.6200000e-01   9.0000974e-01
   9.6210000e-01   9.0001073e-01
   9.6220000e-01   9.0001100e-01
   9.6230000e-01   9.0001243e-01
   9.6240000e-01   9.0001441e-01
   9.6250000e-01   9.0001641e-01
   9.6260000e-01   9.0001837e-01
   9.6270000e-01   9.0002031e-01
   9.6280000e-01   9.0002219e-01
   9.6290000e-01   9.0002058e-01
   9.6300000e-01   9.0002701e-01
   9.6310000e-01   9.0002649e-01
   9.6320000e-01   9.0002378e-01
   9.6330000e-01   9.0001987e-01
   9.6340000e-01   9.0001623e-01
   9.6350000e-01   8.2562855e-01
   9.6360000e-01   8.2562612e-01
   9.6370000e-01   8.2562318e-01
   9.6380000e-01   8.2562185e-01
   9.6390000e-01   8.2562088e-01
   9.6400000e-01   8.2562010e-01
   9.6410000e-01   8.2561943e-01
   9.6420000e-01   8.2561884e-01
   9.6430000e-01   8.2561830e-01
   9.6440000e-01   8.2561779e-01
   9.6450000e-01   8.2562585e-01
   9.6460000e-01   8.2577061e-01
   9.6470000e-01   8.2591575e-01
   9.6480000e-01   8.2605400e-01
   9.6490000e-01   8.2618788e-01
   9.6500000e-01   8.2631870e-01
   9.6510000e-01   8.2644717e-01
   9.6520000e-01   8.2657382e-01
   9.6530000e-01   8.2669902e-01
   9.6540000e-01   8.2682306e-01
   9.6550000e-01   8.2694615e-01
   9.6560000e-01   8.2706846e-01
   9.6570000e-01   8.2719009e-01
   9.6580000e-01   8.2731114e-01
   9.6590000e-01   8.2743166e-01
   9.6600000e-01   8.2755166e-01
   9.6610000e-01   8.2767112e-01
   9.6620000e-01   8.2778999e-01
   9.6630000e-01   8.2790817e-01
   9.6640000e-01   8.2772973e-01
   9.6650000e-01   8.2695946e-01
   9.6660000e-01   8.2651608e-01
   9.6670000e-01   8.2631876e-01
   9.6680000e-01   7.6811209e-01
   9.6690000e-01   7.6806981e-01
   9.6700000e-01   7.6804888e-01
   9.6710000e-01   7.6804010e-01
   9.6720000e-01   7.6803554e-01
   9.6730000e-01   7.6803304e-01
   9.6740000e-01   7.6803153e-01
   9.6750000e-01   7.6803053e-01
   9.6760000e-01   7.6802979e-01
   9.6770000e-01   7.6802921e-01
   9.6780000e-01   7.6802872e-01
   9.6790000e-01   7.6793405e-01
   9.6800000e-01   7.6764224e-01
   9.6810000e-01   7.6736432e-01
   9.6820000e-01   7.6710923e-01
   9.6830000e-01   7.6686606e-01
   9.6840000e-01   7.6662964e-01
   9.6850000e-01   7.6639701e-01
   9.6860000e-01   7.6616629e-01
   9.6870000e-01   7.6593615e-01
   9.6880000e-01   7.6570579e-01
   9.6890000e-01   7.6547468e-01
   9.6900000e-01   7.6524251e-01
   9.6910000e-01   7.6500919e-01
   9.6920000e-01   7.6477482e-01
   9.6930000e-01   7.6453972e-01
   9.6940000e-01   7.6430440e-01
   9.6950000e-01   7.6406959e-01
   9.6960000e-01   7.6415290e-01
   9.6970000e-01   7.6497530e-01
   9.6980000e-01   7.6625078e-01
   9.6990000e-01   7.6689533e-01
   9.7000000e-01   7.6716566e-01
   9.7010000e-01   7.5976094e-01
   9.7020000e-01   7.6397378e-01
   9.7030000e-01   7.6574157e-01
   9.7040000e-01   7.6651342e-01
   9.7050000e-01   7.6684824e-01
   9.7060000e-01   7.6699340e-01
   9.7070000e-01   7.6705641e-01
   9.7080000e-01   7.6708372e-01
   9.7090000e-01   7.6709544e-01
   9.7100000e-01   7.6710043e-01
   9.7110000e-01   7.6710256e-01
   9.7120000e-01   7.6710344e-01
   9.7130000e-01   7.6709595e-01
   9.7140000e-01   7.6708590e-01
   9.7150000e-01   7.6707807e-01
   9.7160000e-01   7.6706655e-01
   9.7170000e-01   7.6705384e-01
   9.7180000e-01   7.6704036e-01
   9.7190000e-01   7.6702609e-01
   9.7200000e-01   7.6701102e-01
   9.7210000e-01   7.6699509e-01
   9.7220000e-01   7.6697829e-01
   9.7230000e-01   7.6696058e-01
   9.7240000e-01   7.6694198e-01
   9.7250000e-01   7.6692254e-01
   9.7260000e-01   7.6690235e-01
   9.7270000e-01   7.6688153e-01
   9.7280000e-01   7.6686026e-01
   9.7290000e-01   7.6684562e-01
   9.7300000e-01   7.6687101e-01
   9.7310000e-01   7.6698729e-01
   9.7320000e-01   7.6703434e-01
   9.7330000e-01   7.6705432e-01
   9.7340000e-01   7.6706293e-01
   9.7350000e-01   7.6706668e-01
   9.7360000e-01   7.6706834e-01
   9.7370000e-01   7.6706766e-01
   9.7380000e-01   7.6706785e-01
   9.7390000e-01   7.6706779e-01
   9.7400000e-01   7.6706776e-01
   9.7410000e-01   7.6706781e-01
   9.7420000e-01   7.6706791e-01
   9.7430000e-01   7.6706805e-01
   9.7440000e-01   7.6706824e-01
   9.7450000e-01   7.6704808e-01
   9.7460000e-01   7.6684390e-01
   9.7470000e-01   7.6663646e-01
   9.7480000e-01   7.6644379e-01
   9.7490000e-01   7.6626098e-01
   9.7500000e-01   7.6608436e-01
   9.7510000e-01   7.6591174e-01
   9.7520000e-01   7.6574176e-01
   9.7530000e-01   7.6557353e-01
   9.7540000e-01   7.6540647e-01
   9.7550000e-01   7.6524016e-01
   9.7560000e-01   7.6507429e-01
   9.7570000e-01   7.6490866e-01
   9.7580000e-01   7.6474309e-01
   9.7590000e-01   7.6457748e-01
   9.7600000e-01   7.6441175e-01
   9.7610000e-01   7.6424590e-01
   9.7620000e-01   7.6407994e-01
   9.7630000e-01   7.6391395e-01
   9.7640000e-01   7.6423426e-01
   9.7650000e-01   7.6539308e-01
   9.7660000e-01   7.6603803e-01
   9.7670000e-01   7.6630991e-01
   9.7680000e-01   7.6642841e-01
   9.7690000e-01   7.6648057e-01
   9.7700000e-01   7.6650385e-01
   9.7710000e-01   7.6651446e-01
   9.7720000e-01   7.6651943e-01
   9.7730000e-01   7.6652185e-01
   9.7740000e-01   7.6652308e-01
   9.7750000e-01   7.6652372e-01
   9.7760000e-01   7.6652405e-01
   9.7770000e-01   7.6652421e-01
   9.7780000e-01   7.6652425e-01
   9.7790000e-01   7.6650697e-01
   9.7800000e-01   7.6648659e-01
   9.7810000e-01   7.6646819e-01
   9.7820000e-01   7.6645065e-01
   9.7830000e-01   7.6643360e-01
   9.7840000e-01   7.6641681e-01
   9.7850000e-01   7.6640018e-01
   9.7860000e-01   7.6638369e-01
   9.7870000e-01   7.6636729e-01
   9.7880000e-01   7.6635106e-01
   9.7890000e-01   7.6633409e-01
   9.7900000e-01   7.6632273e-01
   9.7910000e-01   7.6630841e-01
   9.7920000e-01   7.6629513e-01
   9.7930000e-01   7.6628253e-01
   9.7940000e-01   7.6627022e-01
   9.7950000e-01   7.6625791e-01
   9.7960000e-01   7.6624533e-01
   9.7970000e-01   7.6623128e-01
   9.7980000e-01   7.6636257e-01
   9.7990000e-01   7.6642853e-01
   9.8000000e-01   7.6645258e-01
   9.8010000e-01   7.6184307e-01
   9.8020000e-01   7.6446232e-01
   9.8030000e-01   7.6559137e-01
   9.8040000e-01   7.6604818e-01
   9.8050000e-01   7.6624281e-01
   9.8060000e-01   7.6632253e-01
   9.8070000e-01   7.6635668e-01
   9.8080000e-01   7.6637083e-01
   9.8090000e-01   7.6637648e-01
   9.8100000e-01   7.6637859e-01
   9.8110000e-01   7.6637922e-01
   9.8120000e-01   7.6637925e-01
   9.8130000e-01   7.6636318e-01
   9.8140000e-01   7.6634718e-01
   9.8150000e-01   7.6633391e-01
   9.8160000e-01   7.6632122e-01
   9.8170000e-01   7.6630779e-01
   9.8180000e-01   7.6629272e-01
   9.8190000e-01   7.6627533e-01
   9.8200000e-01   7.6625510e-01
   9.8210000e-01   7.6623197e-01
   9.8220000e-01   7.6620748e-01
   9.8230000e-01   7.6618226e-01
   9.8240000e-01   7.6615693e-01
   9.8250000e-01   7.6613131e-01
   9.8260000e-01   7.6610533e-01
   9.8270000e-01   7.6607897e-01
   9.8280000e-01   7.6605236e-01
   9.8290000e-01   7.6603689e-01
   9.8300000e-01   7.6598341e-01
   9.8310000e-01   7.6617679e-01
   9.8320000e-01   7.6626035e-01
   9.8330000e-01   7.6629576e-01
   9.8340000e-01   7.6631105e-01
   9.8350000e-01   7.6631783e-01
   9.8360000e-01   7.6632102e-01
   9.8370000e-01   7.6631994e-01
   9.8380000e-01   7.6632071e-01
   9.8390000e-01   7.6632142e-01
   9.8400000e-01   7.6632208e-01
   9.8410000e-01   7.6632280e-01
   9.8420000e-01   7.6632356e-01
   9.8430000e-01   7.6632432e-01
   9.8440000e-01   7.6632514e-01
   9.8450000e-01   7.6631966e-01
   9.8460000e-01   7.6629626e-01
   9.8470000e-01   7.6627726e-01
   9.8480000e-01   7.6625805e-01
   9.8490000e-01   7.6623973e-01
   9.8500000e-01   7.6622192e-01
   9.8510000e-01   7.6620459e-01
   9.8520000e-01   7.6618762e-01
   9.8530000e-01   7.6617093e-01
   9.8540000e-01   7.6615446e-01
   9.8550000e-01   7.6613816e-01
   9.8560000e-01   7.6612201e-01
   9.8570000e-01   7.6610598e-01
   9.8580000e-01   7.6609006e-01
   9.8590000e-01   7.6607422e-01
   9.8600000e-01   7.6605845e-01
   9.8610000e-01   7.6604274e-01
   9.8620000e-01   7.6602707e-01
   9.8630000e-01   7.6601144e-01
   9.8640000e-01   7.6599582e-01
   9.8650000e-01   7.6609592e-01
   9.8660000e-01   7.6620378e-01
   9.8670000e-01   7.6624689e-01
   9.8680000e-01   7.6626622e-01
   9.8690000e-01   7.6627527e-01
   9.8700000e-01   7.6628170e-01
   9.8710000e-01   7.6628384e-01
   9.8720000e-01   7.6628536e-01
   9.8730000e-01   7.6628646e-01
   9.8740000e-01   7.6628730e-01
   9.8750000e-01   7.6628801e-01
   9.8760000e-01   7.6628864e-01
   9.8770000e-01   7.6628924e-01
   9.8780000e-01   7.6628982e-01
   9.8790000e-01   7.6635105e-01
   9.8800000e-01   7.6659836e-01
   9.8810000e-01   7.6684136e-01
   9.8820000e-01   7.6706441e-01
   9.8830000e-01   7.6727706e-01
   9.8840000e-01   7.6748395e-01
   9.8850000e-01   7.6768776e-01
   9.8860000e-01   7.6789024e-01
   9.8870000e-01   7.6809257e-01
   9.8880000e-01   7.6829552e-01
   9.8890000e-01   7.6849957e-01
   9.8900000e-01   7.6870500e-01
   9.8910000e-01   7.6891186e-01
   9.8920000e-01   7.6912004e-01
   9.8930000e-01   7.6932921e-01
   9.8940000e-01   7.6953883e-01
   9.8950000e-01   7.6974816e-01
   9.8960000e-01   7.6963868e-01
   9.8970000e-01   7.6878830e-01
   9.8980000e-01   7.6774419e-01
   9.8990000e-01   7.6724160e-01
   9.9000000e-01   7.6702885e-01
   9.9010000e-01   7.6972760e-01
   9.9020000e-01   7.6816885e-01
   9.9030000e-01   7.6751483e-01
   9.9040000e-01   7.6723227e-01
   9.9050000e-01   7.6711239e-01
   9.9060000e-01   7.6706217e-01
   9.9070000e-01   7.6704132e-01
   9.9080000e-01   7.6703289e-01
   9.9090000e-01   7.6702980e-01
   9.9100000e-01   7.6702895e-01
   9.9110000e-01   7.6702901e-01
   9.9120000e-01   7.6702948e-01
   9.9130000e-01   7.6699832e-01
   9.9140000e-01   7.6695697e-01
   9.9150000e-01   7.6692001e-01
   9.9160000e-01   7.6689183e-01
   9.9170000e-01   7.6686193e-01
   9.9180000e-01   7.6683637e-01
   9.9190000e-01   7.6681219e-01
   9.9200000e-01   7.6678916e-01
   9.9210000e-01   7.6676716e-01
   9.9220000e-01   7.6674607e-01
   9.9230000e-01   7.6672579e-01
   9.9240000e-01   7.6670620e-01
   9.9250000e-01   7.6668718e-01
   9.9260000e-01   7.6666862e-01
   9.9270000e-01   7.6665036e-01
   9.9280000e-01   7.6663222e-01
   9.9290000e-01   7.6661188e-01
   9.9300000e-01   7.6673772e-01
   9.9310000e-01   7.6686826e-01
   9.9320000e-01   7.6692470e-01
   9.9330000e-01   7.6694903e-01
   9.9340000e-01   7.6695977e-01
   9.9350000e-01   7.6711004e-01
   9.9360000e-01   7.6711242e-01
   9.9370000e-01   7.6711355e-01
   9.9380000e-01   7.6711445e-01
   9.9390000e-01   7.6711513e-01
   9.9400000e-01   7.6711568e-01
   9.9410000e-01   7.6711612e-01
   9.9420000e-01   7.6711649e-01
   9.9430000e-01   7.6711681e-01
   9.9440000e-01   7.6711703e-01
   9.9450000e-01   7.6711722e-01
   9.9460000e-01   7.6710561e-01
   9.9470000e-01   7.6707743e-01
   9.9480000e-01   7.6705493e-01
   9.9490000e-01   7.6703371e-01
   9.9500000e-01   7.6701330e-01
   9.9510000e-01   7.6699342e-01
   9.9520000e-01   7.6697395e-01
   9.9530000e-01   7.6695478e-01
   9.9540000e-01   7.6693584e-01
   9.9550000e-01   7.6691708e-01
   9.9560000e-01   7.6689849e-01
   9.9570000e-01   7.6688005e-01
   9.9580000e-01   7.6686174e-01
   9.9590000e-01   7.6684356e-01
   9.9600000e-01   7.6682550e-01
   9.9610000e-01   7.6680756e-01
   9.9620000e-01   7.6678974e-01
   9.9630000e-01   7.6678288e-01
   9.9640000e-01   7.6696327e-01
   9.9650000e-01   7.6701766e-01
   9.9660000e-01   7.6703961e-01
   9.9670000e-01   7.6704840e-01
   9.9680000e-01   9.4473398e-01
   9.9690000e-01   9.4474120e-01
   9.9700000e-01   9.4473620e-01
   9.9710000e-01   9.4474233e-01
   9.9720000e-01   9.4474618e-01
   9.9730000e-01   9.4474894e-01
   9.9740000e-01   9.4475023e-01
   9.9750000e-01   9.4475078e-01
   9.9760000e-01   9.4475095e-01
   9.9770000e-01   9.4475090e-01
   9.9780000e-01   9.4475073e-01
   9.9790000e-01   9.4473696e-01
   9.9800000e-01   9.4468990e-01
   9.9810000e-01   9.4465059e-01
   9.9820000e-01   9.4462074e-01
   9.9830000e-01   9.4459824e-01
   9.9840000e-01   9.4457790e-01
   9.9850000e-01   9.4455789e-01
   9.9860000e-01   9.4453702e-01
   9.9870000e-01   9.4451465e-01
   9.9880000e-01   9.4448522e-01
   9.9890000e-01   9.4445931e-01
   9.9900000e-01   9.4443102e-01
   9.9910000e-01   9.4440342e-01
   9.9920000e-01   9.4437083e-01
   9.9930000e-01   9.4433425e-01
   9.9940000e-01   9.4429544e-01
   9.9950000e-01   9.4425674e-01
   9.9960000e-01   9.4430199e-01
   9.9970000e-01   9.4446154e-01
   9.9980000e-01   9.4468425e-01
   9.9990000e-01   9.4484198e-01
