   7.9990000e-01   3.8504517e-01
   8.0000000e-01   3.8504882e-01
   8.0010000e-01   3.8504894e-01
   8.0020000e-01   3.8505000e-01
   8.0030000e-01   3.8504917e-01
   8.0040000e-01   3.8504657e-01
   8.0050000e-01   3.8504456e-01
   8.0060000e-01   3.8504323e-01
   8.0070000e-01   3.8504225e-01
   8.0080000e-01   3.8504152e-01
   8.0090000e-01   3.8504097e-01
   8.0100000e-01   3.8504055e-01
   8.0110000e-01   3.8504022e-01
   8.0120000e-01   3.8503990e-01
   8.0130000e-01   3.8503968e-01
   8.0140000e-01   3.8504025e-01
   8.0150000e-01   3.8503947e-01
   8.0160000e-01   3.8503893e-01
   8.0170000e-01   3.8503850e-01
   8.0180000e-01   3.8503812e-01
   8.0190000e-01   3.8503774e-01
   8.0200000e-01   3.8503733e-01
   8.0210000e-01   3.8503689e-01
   8.0220000e-01   3.8503641e-01
   8.0230000e-01   3.8503595e-01
   8.0240000e-01   3.8503537e-01
   8.0250000e-01   3.8503475e-01
   8.0260000e-01   3.8503410e-01
   8.0270000e-01   3.8503342e-01
   8.0280000e-01   3.8503272e-01
   8.0290000e-01   3.8503200e-01
   8.0300000e-01   3.8503126e-01
   8.0310000e-01   3.8502872e-01
   8.0320000e-01   3.8503003e-01
   8.0330000e-01   3.8503144e-01
   8.0340000e-01   3.8503289e-01
   8.0350000e-01   2.9784035e-01
   8.0360000e-01   2.9784095e-01
   8.0370000e-01   2.9784126e-01
   8.0380000e-01   2.9784159e-01
   8.0390000e-01   2.9784182e-01
   8.0400000e-01   2.9784196e-01
   8.0410000e-01   2.9784205e-01
   8.0420000e-01   2.9784209e-01
   8.0430000e-01   2.9784211e-01
   8.0440000e-01   2.9784135e-01
   8.0450000e-01   2.9782560e-01
   8.0460000e-01   2.9780496e-01
   8.0470000e-01   2.9778444e-01
   8.0480000e-01   2.9776403e-01
   8.0490000e-01   2.9774373e-01
   8.0500000e-01   2.9772353e-01
   8.0510000e-01   2.9770342e-01
   8.0520000e-01   2.9768339e-01
   8.0530000e-01   2.9766344e-01
   8.0540000e-01   2.9764356e-01
   8.0550000e-01   2.9762374e-01
   8.0560000e-01   2.9760397e-01
   8.0570000e-01   2.9758426e-01
   8.0580000e-01   2.9756459e-01
   8.0590000e-01   2.9754497e-01
   8.0600000e-01   2.9752541e-01
   8.0610000e-01   2.9750590e-01
   8.0620000e-01   2.9748645e-01
   8.0630000e-01   2.9746709e-01
   8.0640000e-01   2.9744782e-01
   8.0650000e-01   2.9745338e-01
   8.0660000e-01   2.9752842e-01
   8.0670000e-01   2.9762364e-01
   8.0680000e-01   1.5955201e-01
   8.0690000e-01   1.5956484e-01
   8.0700000e-01   1.5957224e-01
   8.0710000e-01   1.5957676e-01
   8.0720000e-01   1.5957964e-01
   8.0730000e-01   1.5958148e-01
   8.0740000e-01   1.5958269e-01
   8.0750000e-01   1.5958348e-01
   8.0760000e-01   1.5958401e-01
   8.0770000e-01   1.5958436e-01
   8.0780000e-01   1.5958461e-01
   8.0790000e-01   1.5958460e-01
   8.0800000e-01   1.5958457e-01
   8.0810000e-01   1.5958448e-01
   8.0820000e-01   1.5958436e-01
   8.0830000e-01   1.5958422e-01
   8.0840000e-01   1.5958407e-01
   8.0850000e-01   1.5958393e-01
   8.0860000e-01   1.5958380e-01
   8.0870000e-01   1.5958366e-01
   8.0880000e-01   1.5958354e-01
   8.0890000e-01   1.5958343e-01
   8.0900000e-01   1.5958332e-01
   8.0910000e-01   1.5958322e-01
   8.0920000e-01   1.5958313e-01
   8.0930000e-01   1.5958305e-01
   8.0940000e-01   1.5958298e-01
   8.0950000e-01   1.5958292e-01
   8.0960000e-01   1.5958287e-01
   8.0970000e-01   1.5958282e-01
   8.0980000e-01   1.5958279e-01
   8.0990000e-01   1.5958273e-01
   8.1000000e-01   1.5958292e-01
   8.1010000e-01   1.5958681e-01
   8.1020000e-01   1.5958675e-01
   8.1030000e-01   1.5958703e-01
   8.1040000e-01   1.5958733e-01
   8.1050000e-01   1.5958762e-01
   8.1060000e-01   1.5958781e-01
   8.1070000e-01   1.5958796e-01
   8.1080000e-01   1.5958806e-01
   8.1090000e-01   1.5958814e-01
   8.1100000e-01   1.5958819e-01
   8.1110000e-01   1.5958822e-01
   8.1120000e-01   1.5958822e-01
   8.1130000e-01   1.5958824e-01
   8.1140000e-01   1.5958827e-01
   8.1150000e-01   1.5958809e-01
   8.1160000e-01   1.5958795e-01
   8.1170000e-01   1.5958781e-01
   8.1180000e-01   1.5958766e-01
   8.1190000e-01   1.5958751e-01
   8.1200000e-01   1.5958736e-01
   8.1210000e-01   1.5958720e-01
   8.1220000e-01   1.5958703e-01
   8.1230000e-01   1.5958687e-01
   8.1240000e-01   1.5958671e-01
   8.1250000e-01   1.5958654e-01
   8.1260000e-01   1.5958638e-01
   8.1270000e-01   1.5958622e-01
   8.1280000e-01   1.5958606e-01
   8.1290000e-01   1.5958589e-01
   8.1300000e-01   1.5958573e-01
   8.1310000e-01   1.5958589e-01
   8.1320000e-01   1.5958563e-01
   8.1330000e-01   1.5958604e-01
   8.1340000e-01   1.5958647e-01
   8.1350000e-01   3.4240773e-01
   8.1360000e-01   3.4240836e-01
   8.1370000e-01   3.4240881e-01
   8.1380000e-01   3.4240909e-01
   8.1390000e-01   3.4240924e-01
   8.1400000e-01   3.4240932e-01
   8.1410000e-01   3.4240933e-01
   8.1420000e-01   3.4240930e-01
   8.1430000e-01   3.4240924e-01
   8.1440000e-01   3.4240898e-01
   8.1450000e-01   3.4239347e-01
   8.1460000e-01   3.4236953e-01
   8.1470000e-01   3.4234571e-01
   8.1480000e-01   3.4232203e-01
   8.1490000e-01   3.4229847e-01
   8.1500000e-01   3.4227503e-01
   8.1510000e-01   3.4225170e-01
   8.1520000e-01   3.4222847e-01
   8.1530000e-01   3.4220533e-01
   8.1540000e-01   3.4218227e-01
   8.1550000e-01   3.4215928e-01
   8.1560000e-01   3.4213636e-01
   8.1570000e-01   3.4211351e-01
   8.1580000e-01   3.4209071e-01
   8.1590000e-01   3.4206798e-01
   8.1600000e-01   3.4204531e-01
   8.1610000e-01   3.4202271e-01
   8.1620000e-01   3.4200020e-01
   8.1630000e-01   3.4197778e-01
   8.1640000e-01   3.4195548e-01
   8.1650000e-01   3.4197684e-01
   8.1660000e-01   3.4208119e-01
   8.1670000e-01   3.4218179e-01
   8.1680000e-01   3.6804358e-01
   8.1690000e-01   3.6807524e-01
   8.1700000e-01   3.6809354e-01
   8.1710000e-01   3.6810494e-01
   8.1720000e-01   3.6811229e-01
   8.1730000e-01   3.6811704e-01
   8.1740000e-01   3.6812016e-01
   8.1750000e-01   3.6812223e-01
   8.1760000e-01   3.6812362e-01
   8.1770000e-01   3.6812457e-01
   8.1780000e-01   3.6812522e-01
   8.1790000e-01   3.6812566e-01
   8.1800000e-01   3.6812599e-01
   8.1810000e-01   3.6812622e-01
   8.1820000e-01   3.6812639e-01
   8.1830000e-01   3.6812653e-01
   8.1840000e-01   3.6812664e-01
   8.1850000e-01   3.6812673e-01
   8.1860000e-01   3.6812681e-01
   8.1870000e-01   3.6812688e-01
   8.1880000e-01   3.6812695e-01
   8.1890000e-01   3.6812701e-01
   8.1900000e-01   3.6812706e-01
   8.1910000e-01   3.6812711e-01
   8.1920000e-01   3.6812716e-01
   8.1930000e-01   3.6812720e-01
   8.1940000e-01   3.6812725e-01
   8.1950000e-01   3.6812728e-01
   8.1960000e-01   3.6812731e-01
   8.1970000e-01   3.6812734e-01
   8.1980000e-01   3.6812737e-01
   8.1990000e-01   3.6812738e-01
   8.2000000e-01   3.6812740e-01
   8.2010000e-01   3.6812818e-01
   8.2020000e-01   3.6812787e-01
   8.2030000e-01   3.6812761e-01
   8.2040000e-01   3.6812650e-01
   8.2050000e-01   3.6812543e-01
   8.2060000e-01   3.6812467e-01
   8.2070000e-01   3.6812409e-01
   8.2080000e-01   3.6812366e-01
   8.2090000e-01   3.6812334e-01
   8.2100000e-01   3.6812309e-01
   8.2110000e-01   3.6812289e-01
   8.2120000e-01   3.6812267e-01
   8.2130000e-01   3.6812250e-01
   8.2140000e-01   3.6812179e-01
   8.2150000e-01   3.6812160e-01
   8.2160000e-01   3.6812123e-01
   8.2170000e-01   3.6812077e-01
   8.2180000e-01   3.6812025e-01
   8.2190000e-01   3.6811969e-01
   8.2200000e-01   3.6811912e-01
   8.2210000e-01   3.6811853e-01
   8.2220000e-01   3.6811795e-01
   8.2230000e-01   3.6811730e-01
   8.2240000e-01   3.6811672e-01
   8.2250000e-01   3.6811615e-01
   8.2260000e-01   3.6811557e-01
   8.2270000e-01   3.6811498e-01
   8.2280000e-01   3.6811439e-01
   8.2290000e-01   3.6811378e-01
   8.2300000e-01   3.6811317e-01
   8.2310000e-01   3.6811310e-01
   8.2320000e-01   3.6811272e-01
   8.2330000e-01   3.6811523e-01
   8.2340000e-01   3.6811725e-01
   8.2350000e-01   3.5744947e-01
   8.2360000e-01   3.5745051e-01
   8.2370000e-01   3.5745123e-01
   8.2380000e-01   3.5745172e-01
   8.2390000e-01   3.5745204e-01
   8.2400000e-01   3.5745225e-01
   8.2410000e-01   3.5745237e-01
   8.2420000e-01   3.5745244e-01
   8.2430000e-01   3.5745246e-01
   8.2440000e-01   3.5745342e-01
   8.2450000e-01   3.5746020e-01
   8.2460000e-01   3.5746698e-01
   8.2470000e-01   3.5747371e-01
   8.2480000e-01   3.5748040e-01
   8.2490000e-01   3.5748705e-01
   8.2500000e-01   3.5749366e-01
   8.2510000e-01   3.5750023e-01
   8.2520000e-01   3.5750676e-01
   8.2530000e-01   3.5751324e-01
   8.2540000e-01   3.5751969e-01
   8.2550000e-01   3.5752608e-01
   8.2560000e-01   3.5753244e-01
   8.2570000e-01   3.5753875e-01
   8.2580000e-01   3.5754501e-01
   8.2590000e-01   3.5755122e-01
   8.2600000e-01   3.5755739e-01
   8.2610000e-01   3.5756351e-01
   8.2620000e-01   3.5756958e-01
   8.2630000e-01   3.5757559e-01
   8.2640000e-01   3.5758156e-01
   8.2650000e-01   3.5758748e-01
   8.2660000e-01   3.5758739e-01
   8.2670000e-01   3.5754317e-01
   8.2680000e-01   2.0932378e-01
   8.2690000e-01   2.0931955e-01
   8.2700000e-01   2.0931716e-01
   8.2710000e-01   2.0931576e-01
   8.2720000e-01   2.0931490e-01
   8.2730000e-01   2.0931436e-01
   8.2740000e-01   2.0931401e-01
   8.2750000e-01   2.0931379e-01
   8.2760000e-01   2.0931364e-01
   8.2770000e-01   2.0931355e-01
   8.2780000e-01   2.0931353e-01
   8.2790000e-01   2.0931339e-01
   8.2800000e-01   2.0931326e-01
   8.2810000e-01   2.0931313e-01
   8.2820000e-01   2.0931299e-01
   8.2830000e-01   2.0931285e-01
   8.2840000e-01   2.0931272e-01
   8.2850000e-01   2.0931259e-01
   8.2860000e-01   2.0931247e-01
   8.2870000e-01   2.0931236e-01
   8.2880000e-01   2.0931225e-01
   8.2890000e-01   2.0931215e-01
   8.2900000e-01   2.0931206e-01
   8.2910000e-01   2.0931197e-01
   8.2920000e-01   2.0931190e-01
   8.2930000e-01   2.0931209e-01
   8.2940000e-01   2.0931194e-01
   8.2950000e-01   2.0931185e-01
   8.2960000e-01   2.0931179e-01
   8.2970000e-01   2.0931174e-01
   8.2980000e-01   2.0931171e-01
   8.2990000e-01   2.0931170e-01
   8.3000000e-01   2.0931173e-01
   8.3010000e-01   2.0930818e-01
   8.3020000e-01   2.0930819e-01
   8.3030000e-01   2.0930794e-01
   8.3040000e-01   2.0930760e-01
   8.3050000e-01   2.0930716e-01
   8.3060000e-01   2.0930675e-01
   8.3070000e-01   2.0930639e-01
   8.3080000e-01   2.0930609e-01
   8.3090000e-01   2.0930585e-01
   8.3100000e-01   2.0930566e-01
   8.3110000e-01   2.0930552e-01
   8.3120000e-01   2.0930540e-01
   8.3130000e-01   2.0930530e-01
   8.3140000e-01   2.0930512e-01
   8.3150000e-01   2.0930511e-01
   8.3160000e-01   2.0930505e-01
   8.3170000e-01   2.0930497e-01
   8.3180000e-01   2.0930489e-01
   8.3190000e-01   2.0930479e-01
   8.3200000e-01   2.0930469e-01
   8.3210000e-01   2.0930459e-01
   8.3220000e-01   2.0930447e-01
   8.3230000e-01   2.0930434e-01
   8.3240000e-01   2.0930421e-01
   8.3250000e-01   2.0930406e-01
   8.3260000e-01   2.0930391e-01
   8.3270000e-01   2.0930375e-01
   8.3280000e-01   2.0930358e-01
   8.3290000e-01   2.0930341e-01
   8.3300000e-01   2.0930323e-01
   8.3310000e-01   2.0930320e-01
   8.3320000e-01   2.0930362e-01
   8.3330000e-01   2.0930417e-01
   8.3340000e-01   2.0930469e-01
   8.3350000e-01   3.6096430e-01
   8.3360000e-01   3.6096544e-01
   8.3370000e-01   3.6096634e-01
   8.3380000e-01   3.6096704e-01
   8.3390000e-01   3.6096758e-01
   8.3400000e-01   3.6096801e-01
   8.3410000e-01   3.6096837e-01
   8.3420000e-01   3.6096867e-01
   8.3430000e-01   3.6096892e-01
   8.3440000e-01   3.6096935e-01
   8.3450000e-01   3.6098675e-01
   8.3460000e-01   3.6101644e-01
   8.3470000e-01   3.6104588e-01
   8.3480000e-01   3.6107516e-01
   8.3490000e-01   3.6110428e-01
   8.3500000e-01   3.6113324e-01
   8.3510000e-01   3.6116206e-01
   8.3520000e-01   3.6119075e-01
   8.3530000e-01   3.6121932e-01
   8.3540000e-01   3.6124777e-01
   8.3550000e-01   3.6127612e-01
   8.3560000e-01   3.6130437e-01
   8.3570000e-01   3.6133252e-01
   8.3580000e-01   3.6136058e-01
   8.3590000e-01   3.6138855e-01
   8.3600000e-01   3.6141642e-01
   8.3610000e-01   3.6144418e-01
   8.3620000e-01   3.6147181e-01
   8.3630000e-01   3.6149931e-01
   8.3640000e-01   3.6152470e-01
   8.3650000e-01   3.6148165e-01
   8.3660000e-01   3.6135790e-01
   8.3670000e-01   3.6124063e-01
   8.3680000e-01   3.4279685e-01
   8.3690000e-01   3.4276751e-01
   8.3700000e-01   3.4275051e-01
   8.3710000e-01   3.4273993e-01
   8.3720000e-01   3.4273311e-01
   8.3730000e-01   3.4272870e-01
   8.3740000e-01   3.4272581e-01
   8.3750000e-01   3.4272389e-01
   8.3760000e-01   3.4272261e-01
   8.3770000e-01   3.4272174e-01
   8.3780000e-01   3.4272115e-01
   8.3790000e-01   3.4272114e-01
   8.3800000e-01   3.4272228e-01
   8.3810000e-01   3.4272554e-01
   8.3820000e-01   3.4273091e-01
   8.3830000e-01   3.4273809e-01
   8.3840000e-01   3.4274663e-01
   8.3850000e-01   3.4275602e-01
   8.3860000e-01   3.4276576e-01
   8.3870000e-01   3.4277531e-01
   8.3880000e-01   3.4278428e-01
   8.3890000e-01   3.4279232e-01
   8.3900000e-01   3.4279910e-01
   8.3910000e-01   3.4280445e-01
   8.3920000e-01   3.4280820e-01
   8.3930000e-01   3.4281031e-01
   8.3940000e-01   3.4281082e-01
   8.3950000e-01   3.4280986e-01
   8.3960000e-01   3.4280764e-01
   8.3970000e-01   3.4280446e-01
   8.3980000e-01   3.4280063e-01
   8.3990000e-01   3.4279807e-01
   8.4000000e-01   3.4279647e-01
   8.4010000e-01   3.4279494e-01
   8.4020000e-01   3.4279491e-01
   8.4030000e-01   3.4279503e-01
   8.4040000e-01   3.4279530e-01
   8.4050000e-01   3.4279566e-01
   8.4060000e-01   3.4279604e-01
   8.4070000e-01   3.4279640e-01
   8.4080000e-01   3.4279672e-01
   8.4090000e-01   3.4279699e-01
   8.4100000e-01   3.4279721e-01
   8.4110000e-01   3.4279740e-01
   8.4120000e-01   3.4279746e-01
   8.4130000e-01   3.4279761e-01
   8.4140000e-01   3.4279777e-01
   8.4150000e-01   3.4279738e-01
   8.4160000e-01   3.4279704e-01
   8.4170000e-01   3.4279671e-01
   8.4180000e-01   3.4279636e-01
   8.4190000e-01   3.4279599e-01
   8.4200000e-01   3.4279559e-01
   8.4210000e-01   3.4279516e-01
   8.4220000e-01   3.4279497e-01
   8.4230000e-01   3.4279431e-01
   8.4240000e-01   3.4279374e-01
   8.4250000e-01   3.4279326e-01
   8.4260000e-01   3.4279272e-01
   8.4270000e-01   3.4279215e-01
   8.4280000e-01   3.4279155e-01
   8.4290000e-01   3.4279093e-01
   8.4300000e-01   3.4279014e-01
   8.4310000e-01   3.4278927e-01
   8.4320000e-01   3.4279089e-01
   8.4330000e-01   3.4279303e-01
   8.4340000e-01   3.4279501e-01
   8.4350000e-01   9.8056525e-02
   8.4360000e-01   9.8056514e-02
   8.4370000e-01   9.8056504e-02
   8.4380000e-01   9.8056498e-02
   8.4390000e-01   9.8056494e-02
   8.4400000e-01   9.8056491e-02
   8.4410000e-01   9.8056489e-02
   8.4420000e-01   9.8056487e-02
   8.4430000e-01   9.8056485e-02
   8.4440000e-01   9.8056484e-02
   8.4450000e-01   9.8056460e-02
   8.4460000e-01   9.8056437e-02
   8.4470000e-01   9.8056415e-02
   8.4480000e-01   9.8056392e-02
   8.4490000e-01   9.8056370e-02
   8.4500000e-01   9.8056348e-02
   8.4510000e-01   9.8056326e-02
   8.4520000e-01   9.8056304e-02
   8.4530000e-01   9.8056282e-02
   8.4540000e-01   9.8056261e-02
   8.4550000e-01   9.8056239e-02
   8.4560000e-01   9.8056218e-02
   8.4570000e-01   9.8056197e-02
   8.4580000e-01   9.8056176e-02
   8.4590000e-01   9.8056155e-02
   8.4600000e-01   9.8056134e-02
   8.4610000e-01   9.8056114e-02
   8.4620000e-01   9.8056093e-02
   8.4630000e-01   9.8056073e-02
   8.4640000e-01   9.8056053e-02
   8.4650000e-01   9.8056033e-02
   8.4660000e-01   9.8056013e-02
   8.4670000e-01   9.8056172e-02
   8.4680000e-01   3.8506594e-01
   8.4690000e-01   3.8505902e-01
   8.4700000e-01   3.8505517e-01
   8.4710000e-01   3.8505283e-01
   8.4720000e-01   3.8505137e-01
   8.4730000e-01   3.8505043e-01
   8.4740000e-01   3.8504981e-01
   8.4750000e-01   3.8504938e-01
   8.4760000e-01   3.8504909e-01
   8.4770000e-01   3.8504889e-01
   8.4780000e-01   3.8504881e-01
   8.4790000e-01   3.8504837e-01
   8.4800000e-01   3.8504796e-01
   8.4810000e-01   3.8504748e-01
   8.4820000e-01   3.8504698e-01
   8.4830000e-01   3.8504646e-01
   8.4840000e-01   3.8504595e-01
   8.4850000e-01   3.8504544e-01
   8.4860000e-01   3.8504496e-01
   8.4870000e-01   3.8504448e-01
   8.4880000e-01   3.8504402e-01
   8.4890000e-01   3.8504357e-01
   8.4900000e-01   3.8504314e-01
   8.4910000e-01   3.8504273e-01
   8.4920000e-01   3.8504234e-01
   8.4930000e-01   3.8504103e-01
   8.4940000e-01   3.8504102e-01
   8.4950000e-01   3.8504086e-01
   8.4960000e-01   3.8504064e-01
   8.4970000e-01   3.8504042e-01
   8.4980000e-01   3.8504025e-01
   8.4990000e-01   3.8503986e-01
   8.5000000e-01   3.8504008e-01
   8.5010000e-01   3.8504091e-01
   8.5020000e-01   3.8504120e-01
   8.5030000e-01   3.8504115e-01
   8.5040000e-01   3.8504128e-01
   8.5050000e-01   3.8504181e-01
   8.5060000e-01   3.8504247e-01
   8.5070000e-01   3.8504314e-01
   8.5080000e-01   3.8504375e-01
   8.5090000e-01   3.8504427e-01
   8.5100000e-01   3.8504468e-01
   8.5110000e-01   3.8504500e-01
   8.5120000e-01   3.8504521e-01
   8.5130000e-01   3.8504540e-01
   8.5140000e-01   3.8504549e-01
   8.5150000e-01   3.8504553e-01
   8.5160000e-01   3.8504555e-01
   8.5170000e-01   3.8504554e-01
   8.5180000e-01   3.8504552e-01
   8.5190000e-01   3.8504549e-01
   8.5200000e-01   3.8504544e-01
   8.5210000e-01   3.8504538e-01
   8.5220000e-01   3.8504529e-01
   8.5230000e-01   3.8504519e-01
   8.5240000e-01   3.8504506e-01
   8.5250000e-01   3.8504490e-01
   8.5260000e-01   3.8504472e-01
   8.5270000e-01   3.8504450e-01
   8.5280000e-01   3.8504425e-01
   8.5290000e-01   3.8504397e-01
   8.5300000e-01   3.8504366e-01
   8.5310000e-01   3.8504217e-01
   8.5320000e-01   3.8504257e-01
   8.5330000e-01   3.8504302e-01
   8.5340000e-01   3.8504338e-01
   8.5350000e-01   2.9784686e-01
   8.5360000e-01   2.9784697e-01
   8.5370000e-01   2.9784703e-01
   8.5380000e-01   2.9784707e-01
   8.5390000e-01   2.9784707e-01
   8.5400000e-01   2.9784706e-01
   8.5410000e-01   2.9784704e-01
   8.5420000e-01   2.9784700e-01
   8.5430000e-01   2.9784696e-01
   8.5440000e-01   2.9784692e-01
   8.5450000e-01   2.9784093e-01
   8.5460000e-01   2.9782519e-01
   8.5470000e-01   2.9780959e-01
   8.5480000e-01   2.9779408e-01
   8.5490000e-01   2.9777865e-01
   8.5500000e-01   2.9776329e-01
   8.5510000e-01   2.9774800e-01
   8.5520000e-01   2.9773277e-01
   8.5530000e-01   2.9771759e-01
   8.5540000e-01   2.9770244e-01
   8.5550000e-01   2.9768734e-01
   8.5560000e-01   2.9767226e-01
   8.5570000e-01   2.9765721e-01
   8.5580000e-01   2.9764218e-01
   8.5590000e-01   2.9762717e-01
   8.5600000e-01   2.9761219e-01
   8.5610000e-01   2.9759724e-01
   8.5620000e-01   2.9758233e-01
   8.5630000e-01   2.9756747e-01
   8.5640000e-01   2.9755420e-01
   8.5650000e-01   2.9759379e-01
   8.5660000e-01   2.9767059e-01
   8.5670000e-01   2.9771717e-01
   8.5680000e-01   1.5958211e-01
   8.5690000e-01   1.5958892e-01
   8.5700000e-01   1.5959286e-01
   8.5710000e-01   1.5959534e-01
   8.5720000e-01   1.5959696e-01
   8.5730000e-01   1.5959801e-01
   8.5740000e-01   1.5959869e-01
   8.5750000e-01   1.5959915e-01
   8.5760000e-01   1.5959946e-01
   8.5770000e-01   1.5959966e-01
   8.5780000e-01   1.5959980e-01
   8.5790000e-01   1.5959968e-01
   8.5800000e-01   1.5959964e-01
   8.5810000e-01   1.5959925e-01
   8.5820000e-01   1.5959880e-01
   8.5830000e-01   1.5959832e-01
   8.5840000e-01   1.5959784e-01
   8.5850000e-01   1.5959737e-01
   8.5860000e-01   1.5959692e-01
   8.5870000e-01   1.5959649e-01
   8.5880000e-01   1.5959610e-01
   8.5890000e-01   1.5959573e-01
   8.5900000e-01   1.5959539e-01
   8.5910000e-01   1.5959508e-01
   8.5920000e-01   1.5959481e-01
   8.5930000e-01   1.5959456e-01
   8.5940000e-01   1.5959435e-01
   8.5950000e-01   1.5959416e-01
   8.5960000e-01   1.5959400e-01
   8.5970000e-01   1.5959387e-01
   8.5980000e-01   1.5959420e-01
   8.5990000e-01   1.5959438e-01
   8.6000000e-01   1.5959452e-01
   8.6010000e-01   1.5959530e-01
   8.6020000e-01   1.5959514e-01
   8.6030000e-01   1.5959539e-01
   8.6040000e-01   1.5959586e-01
   8.6050000e-01   1.5959611e-01
   8.6060000e-01   1.5959624e-01
   8.6070000e-01   1.5959624e-01
   8.6080000e-01   1.5959621e-01
   8.6090000e-01   1.5959616e-01
   8.6100000e-01   1.5959610e-01
   8.6110000e-01   1.5959605e-01
   8.6120000e-01   1.5959600e-01
   8.6130000e-01   1.5959597e-01
   8.6140000e-01   1.5959592e-01
   8.6150000e-01   1.5959588e-01
   8.6160000e-01   1.5959550e-01
   8.6170000e-01   1.5959567e-01
   8.6180000e-01   1.5959588e-01
   8.6190000e-01   1.5959582e-01
   8.6200000e-01   1.5959574e-01
   8.6210000e-01   1.5959570e-01
   8.6220000e-01   1.5959555e-01
   8.6230000e-01   1.5959557e-01
   8.6240000e-01   1.5959555e-01
   8.6250000e-01   1.5959548e-01
   8.6260000e-01   1.5959543e-01
   8.6270000e-01   1.5959538e-01
   8.6280000e-01   1.5959533e-01
   8.6290000e-01   1.5959529e-01
   8.6300000e-01   1.5959570e-01
   8.6310000e-01   1.5959549e-01
   8.6320000e-01   1.5959561e-01
   8.6330000e-01   1.5959576e-01
   8.6340000e-01   1.5959589e-01
   8.6350000e-01   1.5959599e-01
   8.6360000e-01   1.5959605e-01
   8.6370000e-01   1.5959605e-01
   8.6380000e-01   1.5959610e-01
   8.6390000e-01   1.5959615e-01
   8.6400000e-01   1.5959619e-01
   8.6410000e-01   1.5959622e-01
   8.6420000e-01   1.5959625e-01
   8.6430000e-01   1.5959627e-01
   8.6440000e-01   1.5959629e-01
   8.6450000e-01   1.5959817e-01
   8.6460000e-01   1.5960017e-01
   8.6470000e-01   1.5960217e-01
   8.6480000e-01   1.5960415e-01
   8.6490000e-01   1.5960612e-01
   8.6500000e-01   1.5960808e-01
   8.6510000e-01   1.5961002e-01
   8.6520000e-01   1.5961196e-01
   8.6530000e-01   1.5961388e-01
   8.6540000e-01   1.5961579e-01
   8.6550000e-01   1.5961769e-01
   8.6560000e-01   1.5961957e-01
   8.6570000e-01   1.5962144e-01
   8.6580000e-01   1.5962330e-01
   8.6590000e-01   1.5962514e-01
   8.6600000e-01   1.5962697e-01
   8.6610000e-01   1.5962879e-01
   8.6620000e-01   1.5963059e-01
   8.6630000e-01   1.5963237e-01
   8.6640000e-01   1.5963415e-01
   8.6650000e-01   1.5963590e-01
   8.6660000e-01   1.5962399e-01
   8.6670000e-01   1.5961561e-01
   8.6680000e-01   1.5961144e-01
   8.6690000e-01   1.5960918e-01
   8.6700000e-01   1.5960781e-01
   8.6710000e-01   1.5960697e-01
   8.6720000e-01   1.5960645e-01
   8.6730000e-01   1.5960611e-01
   8.6740000e-01   1.5960589e-01
   8.6750000e-01   1.5960575e-01
   8.6760000e-01   1.5960565e-01
   8.6770000e-01   1.5960560e-01
   8.6780000e-01   1.5960556e-01
   8.6790000e-01   1.5960554e-01
   8.6800000e-01   1.5960554e-01
   8.6810000e-01   1.5960554e-01
   8.6820000e-01   1.5960554e-01
   8.6830000e-01   1.5960555e-01
   8.6840000e-01   1.5960556e-01
   8.6850000e-01   1.5960557e-01
   8.6860000e-01   1.5960559e-01
   8.6870000e-01   1.5960560e-01
   8.6880000e-01   1.5960562e-01
   8.6890000e-01   1.5960565e-01
   8.6900000e-01   1.5960567e-01
   8.6910000e-01   1.5960570e-01
   8.6920000e-01   1.5960573e-01
   8.6930000e-01   1.5960576e-01
   8.6940000e-01   1.5960579e-01
   8.6950000e-01   1.5960583e-01
   8.6960000e-01   1.5960586e-01
   8.6970000e-01   1.5960588e-01
   8.6980000e-01   1.5960591e-01
   8.6990000e-01   1.5960592e-01
   8.7000000e-01   1.5960594e-01
   8.7010000e-01   1.5960578e-01
   8.7020000e-01   1.5960572e-01
   8.7030000e-01   1.5960571e-01
   8.7040000e-01   1.5960564e-01
   8.7050000e-01   1.5960551e-01
   8.7060000e-01   1.5960536e-01
   8.7070000e-01   1.5960520e-01
   8.7080000e-01   1.5960506e-01
   8.7090000e-01   1.5960495e-01
   8.7100000e-01   1.5960485e-01
   8.7110000e-01   1.5960478e-01
   8.7120000e-01   1.5960468e-01
   8.7130000e-01   1.5960463e-01
   8.7140000e-01   1.5960434e-01
   8.7150000e-01   1.5960408e-01
   8.7160000e-01   1.5960414e-01
   8.7170000e-01   1.5960406e-01
   8.7180000e-01   1.5960393e-01
   8.7190000e-01   1.5960379e-01
   8.7200000e-01   1.5960361e-01
   8.7210000e-01   1.5960342e-01
   8.7220000e-01   1.5960321e-01
   8.7230000e-01   1.5960301e-01
   8.7240000e-01   1.5960281e-01
   8.7250000e-01   1.5960262e-01
   8.7260000e-01   1.5960243e-01
   8.7270000e-01   1.5960225e-01
   8.7280000e-01   1.5960208e-01
   8.7290000e-01   1.5960191e-01
   8.7300000e-01   1.5960209e-01
   8.7310000e-01   1.5960194e-01
   8.7320000e-01   1.5960245e-01
   8.7330000e-01   1.5960309e-01
   8.7340000e-01   1.5960368e-01
   8.7350000e-01   1.5960418e-01
   8.7360000e-01   1.5960456e-01
   8.7370000e-01   1.5960485e-01
   8.7380000e-01   1.5960506e-01
   8.7390000e-01   1.5960522e-01
   8.7400000e-01   1.5960533e-01
   8.7410000e-01   1.5960541e-01
   8.7420000e-01   1.5960547e-01
   8.7430000e-01   1.5960551e-01
   8.7440000e-01   1.5960555e-01
   8.7450000e-01   1.5960692e-01
   8.7460000e-01   1.5960883e-01
   8.7470000e-01   1.5961072e-01
   8.7480000e-01   1.5961261e-01
   8.7490000e-01   1.5961448e-01
   8.7500000e-01   1.5961634e-01
   8.7510000e-01   1.5961819e-01
   8.7520000e-01   1.5962003e-01
   8.7530000e-01   1.5962185e-01
   8.7540000e-01   1.5962367e-01
   8.7550000e-01   1.5962547e-01
   8.7560000e-01   1.5962726e-01
   8.7570000e-01   1.5962904e-01
   8.7580000e-01   1.5963080e-01
   8.7590000e-01   1.5963255e-01
   8.7600000e-01   1.5963429e-01
   8.7610000e-01   1.5963602e-01
   8.7620000e-01   1.5963773e-01
   8.7630000e-01   1.5963942e-01
   8.7640000e-01   1.5964111e-01
   8.7650000e-01   1.5964277e-01
   8.7660000e-01   1.5963444e-01
   8.7670000e-01   1.5962552e-01
   8.7680000e-01   1.5962133e-01
   8.7690000e-01   1.5961859e-01
   8.7700000e-01   1.5961707e-01
   8.7710000e-01   1.5961614e-01
   8.7720000e-01   1.5961556e-01
   8.7730000e-01   1.5961518e-01
   8.7740000e-01   1.5961494e-01
   8.7750000e-01   1.5961478e-01
   8.7760000e-01   1.5961467e-01
   8.7770000e-01   1.5961461e-01
   8.7780000e-01   1.5961456e-01
   8.7790000e-01   1.5961485e-01
   8.7800000e-01   1.5961523e-01
   8.7810000e-01   1.5961602e-01
   8.7820000e-01   1.5961691e-01
   8.7830000e-01   1.5961784e-01
   8.7840000e-01   1.5961876e-01
   8.7850000e-01   1.5961968e-01
   8.7860000e-01   1.5962057e-01
   8.7870000e-01   1.5962143e-01
   8.7880000e-01   1.5962225e-01
   8.7890000e-01   1.5962304e-01
   8.7900000e-01   1.5962378e-01
   8.7910000e-01   1.5962448e-01
   8.7920000e-01   1.5962514e-01
   8.7930000e-01   1.5962574e-01
   8.7940000e-01   1.5962629e-01
   8.7950000e-01   1.5962678e-01
   8.7960000e-01   1.5962721e-01
   8.7970000e-01   1.5962757e-01
   8.7980000e-01   1.5962745e-01
   8.7990000e-01   1.5962692e-01
   8.8000000e-01   1.5962661e-01
   8.8010000e-01   1.5962765e-01
   8.8020000e-01   1.5962760e-01
   8.8030000e-01   1.5962749e-01
   8.8040000e-01   1.5962720e-01
   8.8050000e-01   1.5962710e-01
   8.8060000e-01   1.5962707e-01
   8.8070000e-01   1.5962712e-01
   8.8080000e-01   1.5962720e-01
   8.8090000e-01   1.5962728e-01
   8.8100000e-01   1.5962736e-01
   8.8110000e-01   1.5962742e-01
   8.8120000e-01   1.5962744e-01
   8.8130000e-01   1.5962738e-01
   8.8140000e-01   1.5962737e-01
   8.8150000e-01   1.5962730e-01
   8.8160000e-01   1.5962765e-01
   8.8170000e-01   1.5962740e-01
   8.8180000e-01   1.5962707e-01
   8.8190000e-01   1.5962699e-01
   8.8200000e-01   1.5962693e-01
   8.8210000e-01   1.5962682e-01
   8.8220000e-01   1.5962671e-01
   8.8230000e-01   1.5962659e-01
   8.8240000e-01   1.5962648e-01
   8.8250000e-01   1.5962636e-01
   8.8260000e-01   1.5962624e-01
   8.8270000e-01   1.5962612e-01
   8.8280000e-01   1.5962599e-01
   8.8290000e-01   1.5962586e-01
   8.8300000e-01   1.5962605e-01
   8.8310000e-01   1.5962651e-01
   8.8320000e-01   1.5962639e-01
   8.8330000e-01   1.5962662e-01
   8.8340000e-01   1.5962691e-01
   8.8350000e-01   9.4818856e-02
   8.8360000e-01   9.4818925e-02
   8.8370000e-01   9.4818995e-02
   8.8380000e-01   9.4819027e-02
   8.8390000e-01   9.4819047e-02
   8.8400000e-01   9.4819059e-02
   8.8410000e-01   9.4819066e-02
   8.8420000e-01   9.4819069e-02
   8.8430000e-01   9.4819070e-02
   8.8440000e-01   9.4819069e-02
   8.8450000e-01   9.4819673e-02
   8.8460000e-01   9.4821918e-02
   8.8470000e-01   9.4824122e-02
   8.8480000e-01   9.4826313e-02
   8.8490000e-01   9.4828493e-02
   8.8500000e-01   9.4830663e-02
   8.8510000e-01   9.4832823e-02
   8.8520000e-01   9.4834976e-02
   8.8530000e-01   9.4837122e-02
   8.8540000e-01   9.4839262e-02
   8.8550000e-01   9.4841397e-02
   8.8560000e-01   9.4843528e-02
   8.8570000e-01   9.4845656e-02
   8.8580000e-01   9.4847781e-02
   8.8590000e-01   9.4849902e-02
   8.8600000e-01   9.4852019e-02
   8.8610000e-01   9.4854132e-02
   8.8620000e-01   9.4856239e-02
   8.8630000e-01   9.4858338e-02
   8.8640000e-01   9.4860032e-02
   8.8650000e-01   9.4852352e-02
   8.8660000e-01   9.4841543e-02
   8.8670000e-01   9.4835889e-02
   8.8680000e-01   3.4291878e-01
   8.8690000e-01   3.4290399e-01
   8.8700000e-01   3.4289516e-01
   8.8710000e-01   3.4288954e-01
   8.8720000e-01   3.4288582e-01
   8.8730000e-01   3.4288339e-01
   8.8740000e-01   3.4288178e-01
   8.8750000e-01   3.4288070e-01
   8.8760000e-01   3.4287996e-01
   8.8770000e-01   3.4287946e-01
   8.8780000e-01   3.4287918e-01
   8.8790000e-01   3.4287877e-01
   8.8800000e-01   3.4287835e-01
   8.8810000e-01   3.4287794e-01
   8.8820000e-01   3.4287753e-01
   8.8830000e-01   3.4287713e-01
   8.8840000e-01   3.4287675e-01
   8.8850000e-01   3.4287638e-01
   8.8860000e-01   3.4287604e-01
   8.8870000e-01   3.4287571e-01
   8.8880000e-01   3.4287540e-01
   8.8890000e-01   3.4287511e-01
   8.8900000e-01   3.4287485e-01
   8.8910000e-01   3.4287460e-01
   8.8920000e-01   3.4287438e-01
   8.8930000e-01   3.4287418e-01
   8.8940000e-01   3.4287400e-01
   8.8950000e-01   3.4287385e-01
   8.8960000e-01   3.4287371e-01
   8.8970000e-01   3.4287360e-01
   8.8980000e-01   3.4287351e-01
   8.8990000e-01   3.4287367e-01
   8.9000000e-01   3.4287362e-01
   8.9010000e-01   3.4287388e-01
   8.9020000e-01   3.4287401e-01
   8.9030000e-01   3.4287393e-01
   8.9040000e-01   3.4287476e-01
   8.9050000e-01   3.4287569e-01
   8.9060000e-01   3.4287644e-01
   8.9070000e-01   3.4287709e-01
   8.9080000e-01   3.4287761e-01
   8.9090000e-01   3.4287804e-01
   8.9100000e-01   3.4287838e-01
   8.9110000e-01   3.4287865e-01
   8.9120000e-01   3.4287883e-01
   8.9130000e-01   3.4287834e-01
   8.9140000e-01   3.4287937e-01
   8.9150000e-01   3.4287976e-01
   8.9160000e-01   3.4287916e-01
   8.9170000e-01   3.4287882e-01
   8.9180000e-01   3.4287855e-01
   8.9190000e-01   3.4287826e-01
   8.9200000e-01   3.4287801e-01
   8.9210000e-01   3.4287779e-01
   8.9220000e-01   3.4287756e-01
   8.9230000e-01   3.4287731e-01
   8.9240000e-01   3.4287706e-01
   8.9250000e-01   3.4287678e-01
   8.9260000e-01   3.4287649e-01
   8.9270000e-01   3.4287618e-01
   8.9280000e-01   3.4287585e-01
   8.9290000e-01   3.4287579e-01
   8.9300000e-01   3.4287439e-01
   8.9310000e-01   3.4287532e-01
   8.9320000e-01   3.4287626e-01
   8.9330000e-01   3.4287764e-01
   8.9340000e-01   3.4287877e-01
   8.9350000e-01   9.8055839e-02
   8.9360000e-01   9.8055833e-02
   8.9370000e-01   9.8055830e-02
   8.9380000e-01   9.8055827e-02
   8.9390000e-01   9.8055824e-02
   8.9400000e-01   9.8055821e-02
   8.9410000e-01   9.8055820e-02
   8.9420000e-01   9.8055818e-02
   8.9430000e-01   9.8055816e-02
   8.9440000e-01   9.8055815e-02
   8.9450000e-01   9.8055786e-02
   8.9460000e-01   9.8055600e-02
   8.9470000e-01   9.8055272e-02
   8.9480000e-01   9.8054827e-02
   8.9490000e-01   9.8054291e-02
   8.9500000e-01   9.8053689e-02
   8.9510000e-01   9.8053047e-02
   8.9520000e-01   9.8052389e-02
   8.9530000e-01   9.8051740e-02
   8.9540000e-01   9.8051121e-02
   8.9550000e-01   9.8050555e-02
   8.9560000e-01   9.8050062e-02
   8.9570000e-01   9.8049664e-02
   8.9580000e-01   9.8049378e-02
   8.9590000e-01   9.8049225e-02
   8.9600000e-01   9.8049222e-02
   8.9610000e-01   9.8049390e-02
   8.9620000e-01   9.8049747e-02
   8.9630000e-01   9.8050314e-02
   8.9640000e-01   9.8051113e-02
   8.9650000e-01   9.8052168e-02
   8.9660000e-01   9.8053070e-02
   8.9670000e-01   9.8053533e-02
   8.9680000e-01   3.8544709e-01
   8.9690000e-01   3.8542056e-01
   8.9700000e-01   3.8540401e-01
   8.9710000e-01   3.8539330e-01
   8.9720000e-01   3.8538627e-01
   8.9730000e-01   3.8538159e-01
   8.9740000e-01   3.8537843e-01
   8.9750000e-01   3.8537629e-01
   8.9760000e-01   3.8537482e-01
   8.9770000e-01   3.8537379e-01
   8.9780000e-01   3.8537306e-01
   8.9790000e-01   3.8537239e-01
   8.9800000e-01   3.8537218e-01
   8.9810000e-01   3.8537184e-01
   8.9820000e-01   3.8537154e-01
   8.9830000e-01   3.8537127e-01
   8.9840000e-01   3.8537103e-01
   8.9850000e-01   3.8537080e-01
   8.9860000e-01   3.8537060e-01
   8.9870000e-01   3.8537042e-01
   8.9880000e-01   3.8537026e-01
   8.9890000e-01   3.8537012e-01
   8.9900000e-01   3.8537001e-01
   8.9910000e-01   3.8536991e-01
   8.9920000e-01   3.8536984e-01
   8.9930000e-01   3.8536978e-01
   8.9940000e-01   3.8536974e-01
   8.9950000e-01   3.8536971e-01
   8.9960000e-01   3.8536970e-01
   8.9970000e-01   3.8536970e-01
   8.9980000e-01   3.8536970e-01
   8.9990000e-01   3.8536969e-01
   9.0000000e-01   3.8536967e-01
   9.0010000e-01   3.8536045e-01
   9.0020000e-01   3.8536091e-01
   9.0030000e-01   3.8536039e-01
   9.0040000e-01   3.8535948e-01
   9.0050000e-01   3.8535844e-01
   9.0060000e-01   3.8535746e-01
   9.0070000e-01   3.8535661e-01
   9.0080000e-01   3.8535590e-01
   9.0090000e-01   3.8535534e-01
   9.0100000e-01   3.8535489e-01
   9.0110000e-01   3.8535454e-01
   9.0120000e-01   3.8535428e-01
   9.0130000e-01   3.8535371e-01
   9.0140000e-01   3.8535390e-01
   9.0150000e-01   3.8535399e-01
   9.0160000e-01   3.8535363e-01
   9.0170000e-01   3.8535337e-01
   9.0180000e-01   3.8535315e-01
   9.0190000e-01   3.8535293e-01
   9.0200000e-01   3.8535269e-01
   9.0210000e-01   3.8535291e-01
   9.0220000e-01   3.8535166e-01
   9.0230000e-01   3.8535171e-01
   9.0240000e-01   3.8535151e-01
   9.0250000e-01   3.8535120e-01
   9.0260000e-01   3.8535085e-01
   9.0270000e-01   3.8535047e-01
   9.0280000e-01   3.8535007e-01
   9.0290000e-01   3.8534965e-01
   9.0300000e-01   3.8534798e-01
   9.0310000e-01   3.8534656e-01
   9.0320000e-01   3.8534881e-01
   9.0330000e-01   3.8535037e-01
   9.0340000e-01   3.8535141e-01
   9.0350000e-01   2.9805669e-01
   9.0360000e-01   2.9805700e-01
   9.0370000e-01   2.9805709e-01
   9.0380000e-01   2.9805728e-01
   9.0390000e-01   2.9805742e-01
   9.0400000e-01   2.9805753e-01
   9.0410000e-01   2.9805762e-01
   9.0420000e-01   2.9805768e-01
   9.0430000e-01   2.9805773e-01
   9.0440000e-01   2.9805776e-01
   9.0450000e-01   2.9805779e-01
   9.0460000e-01   2.9805964e-01
   9.0470000e-01   2.9806174e-01
   9.0480000e-01   2.9806384e-01
   9.0490000e-01   2.9806592e-01
   9.0500000e-01   2.9806798e-01
   9.0510000e-01   2.9807003e-01
   9.0520000e-01   2.9807207e-01
   9.0530000e-01   2.9807409e-01
   9.0540000e-01   2.9807609e-01
   9.0550000e-01   2.9807808e-01
   9.0560000e-01   2.9808005e-01
   9.0570000e-01   2.9808201e-01
   9.0580000e-01   2.9808395e-01
   9.0590000e-01   2.9808586e-01
   9.0600000e-01   2.9808776e-01
   9.0610000e-01   2.9808965e-01
   9.0620000e-01   2.9809151e-01
   9.0630000e-01   2.9809335e-01
   9.0640000e-01   2.9808047e-01
   9.0650000e-01   2.9807371e-01
   9.0660000e-01   2.9807036e-01
   9.0670000e-01   2.9806839e-01
   9.0680000e-01   1.5972890e-01
   9.0690000e-01   1.5972855e-01
   9.0700000e-01   1.5972833e-01
   9.0710000e-01   1.5972814e-01
   9.0720000e-01   1.5972806e-01
   9.0730000e-01   1.5972800e-01
   9.0740000e-01   1.5972796e-01
   9.0750000e-01   1.5972793e-01
   9.0760000e-01   1.5972791e-01
   9.0770000e-01   1.5972790e-01
   9.0780000e-01   1.5972790e-01
   9.0790000e-01   1.5972830e-01
   9.0800000e-01   1.5972789e-01
   9.0810000e-01   1.5972753e-01
   9.0820000e-01   1.5972720e-01
   9.0830000e-01   1.5972691e-01
   9.0840000e-01   1.5972663e-01
   9.0850000e-01   1.5972637e-01
   9.0860000e-01   1.5972612e-01
   9.0870000e-01   1.5972589e-01
   9.0880000e-01   1.5972567e-01
   9.0890000e-01   1.5972546e-01
   9.0900000e-01   1.5972527e-01
   9.0910000e-01   1.5972509e-01
   9.0920000e-01   1.5972493e-01
   9.0930000e-01   1.5972479e-01
   9.0940000e-01   1.5972466e-01
   9.0950000e-01   1.5972455e-01
   9.0960000e-01   1.5972445e-01
   9.0970000e-01   1.5972437e-01
   9.0980000e-01   1.5972431e-01
   9.0990000e-01   1.5972449e-01
   9.1000000e-01   1.5972453e-01
   9.1010000e-01   1.5972483e-01
   9.1020000e-01   1.5972477e-01
   9.1030000e-01   1.5972513e-01
   9.1040000e-01   1.5972563e-01
   9.1050000e-01   1.5972593e-01
   9.1060000e-01   1.5972604e-01
   9.1070000e-01   1.5972606e-01
   9.1080000e-01   1.5972604e-01
   9.1090000e-01   1.5972601e-01
   9.1100000e-01   1.5972597e-01
   9.1110000e-01   1.5972594e-01
   9.1120000e-01   1.5972590e-01
   9.1130000e-01   1.5972577e-01
   9.1140000e-01   1.5972573e-01
   9.1150000e-01   1.5972571e-01
   9.1160000e-01   1.5972566e-01
   9.1170000e-01   1.5972562e-01
   9.1180000e-01   1.5972554e-01
   9.1190000e-01   1.5972545e-01
   9.1200000e-01   1.5972534e-01
   9.1210000e-01   1.5972523e-01
   9.1220000e-01   1.5972511e-01
   9.1230000e-01   1.5972498e-01
   9.1240000e-01   1.5972485e-01
   9.1250000e-01   1.5972470e-01
   9.1260000e-01   1.5972455e-01
   9.1270000e-01   1.5972439e-01
   9.1280000e-01   1.5972422e-01
   9.1290000e-01   1.5972394e-01
   9.1300000e-01   1.5972452e-01
   9.1310000e-01   1.5972397e-01
   9.1320000e-01   1.5972426e-01
   9.1330000e-01   1.5972460e-01
   9.1340000e-01   1.5972491e-01
   9.1350000e-01   1.5972515e-01
   9.1360000e-01   1.5972533e-01
   9.1370000e-01   1.5972551e-01
   9.1380000e-01   1.5972558e-01
   9.1390000e-01   1.5972562e-01
   9.1400000e-01   1.5972564e-01
   9.1410000e-01   1.5972564e-01
   9.1420000e-01   1.5972564e-01
   9.1430000e-01   1.5972563e-01
   9.1440000e-01   1.5972561e-01
   9.1450000e-01   1.5972467e-01
   9.1460000e-01   1.5971663e-01
   9.1470000e-01   1.5970177e-01
   9.1480000e-01   1.5968124e-01
   9.1490000e-01   1.5965617e-01
   9.1500000e-01   1.5962772e-01
   9.1510000e-01   1.5959706e-01
   9.1520000e-01   1.5956535e-01
   9.1530000e-01   1.5953375e-01
   9.1540000e-01   1.5950343e-01
   9.1550000e-01   1.5947552e-01
   9.1560000e-01   1.5945115e-01
   9.1570000e-01   1.5943143e-01
   9.1580000e-01   1.5941745e-01
   9.1590000e-01   1.5941025e-01
   9.1600000e-01   1.5941086e-01
   9.1610000e-01   1.5942026e-01
   9.1620000e-01   1.5943940e-01
   9.1630000e-01   1.5946919e-01
   9.1640000e-01   1.5951047e-01
   9.1650000e-01   1.5956296e-01
   9.1660000e-01   1.5960119e-01
   9.1670000e-01   1.5962219e-01
   9.1680000e-01   1.5963439e-01
   9.1690000e-01   1.5964183e-01
   9.1700000e-01   1.5964678e-01
   9.1710000e-01   1.5964974e-01
   9.1720000e-01   1.5965168e-01
   9.1730000e-01   1.5965295e-01
   9.1740000e-01   1.5965383e-01
   9.1750000e-01   1.5965443e-01
   9.1760000e-01   1.5965484e-01
   9.1770000e-01   1.5965514e-01
   9.1780000e-01   1.5965534e-01
   9.1790000e-01   1.5965530e-01
   9.1800000e-01   1.5965470e-01
   9.1810000e-01   1.5965377e-01
   9.1820000e-01   1.5965268e-01
   9.1830000e-01   1.5965153e-01
   9.1840000e-01   1.5965035e-01
   9.1850000e-01   1.5964919e-01
   9.1860000e-01   1.5964806e-01
   9.1870000e-01   1.5964697e-01
   9.1880000e-01   1.5964592e-01
   9.1890000e-01   1.5964493e-01
   9.1900000e-01   1.5964398e-01
   9.1910000e-01   1.5964310e-01
   9.1920000e-01   1.5964228e-01
   9.1930000e-01   1.5964152e-01
   9.1940000e-01   1.5964084e-01
   9.1950000e-01   1.5964022e-01
   9.1960000e-01   1.5963969e-01
   9.1970000e-01   1.5963924e-01
   9.1980000e-01   1.5963955e-01
   9.1990000e-01   1.5964023e-01
   9.2000000e-01   1.5964070e-01
   9.2010000e-01   1.5964187e-01
   9.2020000e-01   1.5964193e-01
   9.2030000e-01   1.5964201e-01
   9.2040000e-01   1.5964234e-01
   9.2050000e-01   1.5964266e-01
   9.2060000e-01   1.5964292e-01
   9.2070000e-01   1.5964313e-01
   9.2080000e-01   1.5964330e-01
   9.2090000e-01   1.5964343e-01
   9.2100000e-01   1.5964353e-01
   9.2110000e-01   1.5964361e-01
   9.2120000e-01   1.5964367e-01
   9.2130000e-01   1.5964358e-01
   9.2140000e-01   1.5964366e-01
   9.2150000e-01   1.5964368e-01
   9.2160000e-01   1.5964366e-01
   9.2170000e-01   1.5964361e-01
   9.2180000e-01   1.5964356e-01
   9.2190000e-01   1.5964350e-01
   9.2200000e-01   1.5964343e-01
   9.2210000e-01   1.5964321e-01
   9.2220000e-01   1.5964344e-01
   9.2230000e-01   1.5964325e-01
   9.2240000e-01   1.5964313e-01
   9.2250000e-01   1.5964303e-01
   9.2260000e-01   1.5964293e-01
   9.2270000e-01   1.5964284e-01
   9.2280000e-01   1.5964257e-01
   9.2290000e-01   1.5964299e-01
   9.2300000e-01   1.5964234e-01
   9.2310000e-01   1.5964270e-01
   9.2320000e-01   1.5964297e-01
   9.2330000e-01   1.5964332e-01
   9.2340000e-01   1.5964365e-01
   9.2350000e-01   1.5964392e-01
   9.2360000e-01   1.5964415e-01
   9.2370000e-01   1.5964438e-01
   9.2380000e-01   1.5964449e-01
   9.2390000e-01   1.5964458e-01
   9.2400000e-01   1.5964464e-01
   9.2410000e-01   1.5964470e-01
   9.2420000e-01   1.5964474e-01
   9.2430000e-01   1.5964478e-01
   9.2440000e-01   1.5964482e-01
   9.2450000e-01   1.5964485e-01
   9.2460000e-01   1.5964667e-01
   9.2470000e-01   1.5965530e-01
   9.2480000e-01   1.5966965e-01
   9.2490000e-01   1.5968858e-01
   9.2500000e-01   1.5971092e-01
   9.2510000e-01   1.5973551e-01
   9.2520000e-01   1.5976119e-01
   9.2530000e-01   1.5978678e-01
   9.2540000e-01   1.5981114e-01
   9.2550000e-01   1.5983309e-01
   9.2560000e-01   1.5985151e-01
   9.2570000e-01   1.5986529e-01
   9.2580000e-01   1.5987332e-01
   9.2590000e-01   1.5987455e-01
   9.2600000e-01   1.5986796e-01
   9.2610000e-01   1.5985256e-01
   9.2620000e-01   1.5982742e-01
   9.2630000e-01   1.5979163e-01
   9.2640000e-01   1.5975227e-01
   9.2650000e-01   1.5972746e-01
   9.2660000e-01   1.5971369e-01
   9.2670000e-01   1.5970556e-01
   9.2680000e-01   1.5970055e-01
   9.2690000e-01   1.5969738e-01
   9.2700000e-01   1.5969528e-01
   9.2710000e-01   1.5969395e-01
   9.2720000e-01   1.5969305e-01
   9.2730000e-01   1.5969244e-01
   9.2740000e-01   1.5969203e-01
   9.2750000e-01   1.5969174e-01
   9.2760000e-01   1.5969154e-01
   9.2770000e-01   1.5969140e-01
   9.2780000e-01   1.5969130e-01
   9.2790000e-01   1.5969112e-01
   9.2800000e-01   1.5969101e-01
   9.2810000e-01   1.5969098e-01
   9.2820000e-01   1.5969095e-01
   9.2830000e-01   1.5969091e-01
   9.2840000e-01   1.5969087e-01
   9.2850000e-01   1.5969082e-01
   9.2860000e-01   1.5969077e-01
   9.2870000e-01   1.5969072e-01
   9.2880000e-01   1.5969047e-01
   9.2890000e-01   1.5969052e-01
   9.2900000e-01   1.5969047e-01
   9.2910000e-01   1.5969053e-01
   9.2920000e-01   1.5969052e-01
   9.2930000e-01   1.5969048e-01
   9.2940000e-01   1.5969045e-01
   9.2950000e-01   1.5969042e-01
   9.2960000e-01   1.5969040e-01
   9.2970000e-01   1.5969038e-01
   9.2980000e-01   1.5969023e-01
   9.2990000e-01   1.5969029e-01
   9.3000000e-01   1.5969032e-01
   9.3010000e-01   1.5968991e-01
   9.3020000e-01   1.5968990e-01
   9.3030000e-01   1.5968980e-01
   9.3040000e-01   1.5968941e-01
   9.3050000e-01   1.5968900e-01
   9.3060000e-01   1.5968877e-01
   9.3070000e-01   1.5968855e-01
   9.3080000e-01   1.5968839e-01
   9.3090000e-01   1.5968826e-01
   9.3100000e-01   1.5968816e-01
   9.3110000e-01   1.5968809e-01
   9.3120000e-01   1.5968804e-01
   9.3130000e-01   1.5968810e-01
   9.3140000e-01   1.5968800e-01
   9.3150000e-01   1.5968790e-01
   9.3160000e-01   1.5968785e-01
   9.3170000e-01   1.5968777e-01
   9.3180000e-01   1.5968734e-01
   9.3190000e-01   1.5968752e-01
   9.3200000e-01   1.5968758e-01
   9.3210000e-01   1.5968757e-01
   9.3220000e-01   1.5968755e-01
   9.3230000e-01   1.5968751e-01
   9.3240000e-01   1.5968747e-01
   9.3250000e-01   1.5968744e-01
   9.3260000e-01   1.5968741e-01
   9.3270000e-01   1.5968738e-01
   9.3280000e-01   1.5968736e-01
   9.3290000e-01   1.5968763e-01
   9.3300000e-01   1.5968677e-01
   9.3310000e-01   1.5968726e-01
   9.3320000e-01   1.5968762e-01
   9.3330000e-01   1.5968793e-01
   9.3340000e-01   1.5968818e-01
   9.3350000e-01   1.5968839e-01
   9.3360000e-01   1.5968854e-01
   9.3370000e-01   1.5968867e-01
   9.3380000e-01   1.5968876e-01
   9.3390000e-01   1.5968884e-01
   9.3400000e-01   1.5968890e-01
   9.3410000e-01   1.5968896e-01
   9.3420000e-01   1.5968900e-01
   9.3430000e-01   1.5968904e-01
   9.3440000e-01   1.5968907e-01
   9.3450000e-01   1.5969002e-01
   9.3460000e-01   1.5969808e-01
   9.3470000e-01   1.5971294e-01
   9.3480000e-01   1.5973349e-01
   9.3490000e-01   1.5975857e-01
   9.3500000e-01   1.5978704e-01
   9.3510000e-01   1.5981775e-01
   9.3520000e-01   1.5984952e-01
   9.3530000e-01   1.5988119e-01
   9.3540000e-01   1.5991160e-01
   9.3550000e-01   1.5993960e-01
   9.3560000e-01   1.5996405e-01
   9.3570000e-01   1.5998384e-01
   9.3580000e-01   1.5999788e-01
   9.3590000e-01   1.6000511e-01
   9.3600000e-01   1.6000449e-01
   9.3610000e-01   1.5999504e-01
   9.3620000e-01   1.5997582e-01
   9.3630000e-01   1.5994592e-01
   9.3640000e-01   1.5990450e-01
   9.3650000e-01   1.5985187e-01
   9.3660000e-01   1.5981356e-01
   9.3670000e-01   1.5979253e-01
   9.3680000e-01   1.5978031e-01
   9.3690000e-01   1.5977285e-01
   9.3700000e-01   1.5976788e-01
   9.3710000e-01   1.5976491e-01
   9.3720000e-01   1.5976297e-01
   9.3730000e-01   1.5976170e-01
   9.3740000e-01   1.5976083e-01
   9.3750000e-01   1.5976023e-01
   9.3760000e-01   1.5975981e-01
   9.3770000e-01   1.5975952e-01
   9.3780000e-01   1.5975931e-01
   9.3790000e-01   1.5975916e-01
   9.3800000e-01   1.5975900e-01
   9.3810000e-01   1.5975867e-01
   9.3820000e-01   1.5975832e-01
   9.3830000e-01   1.5975795e-01
   9.3840000e-01   1.5975759e-01
   9.3850000e-01   1.5975723e-01
   9.3860000e-01   1.5975690e-01
   9.3870000e-01   1.5975658e-01
   9.3880000e-01   1.5975628e-01
   9.3890000e-01   1.5975600e-01
   9.3900000e-01   1.5975574e-01
   9.3910000e-01   1.5975551e-01
   9.3920000e-01   1.5975530e-01
   9.3930000e-01   1.5975511e-01
   9.3940000e-01   1.5975495e-01
   9.3950000e-01   1.5975480e-01
   9.3960000e-01   1.5975467e-01
   9.3970000e-01   1.5975502e-01
   9.3980000e-01   1.5975508e-01
   9.3990000e-01   1.5975519e-01
   9.4000000e-01   1.5975522e-01
   9.4010000e-01   1.5975759e-01
   9.4020000e-01   1.5975742e-01
   9.4030000e-01   1.5975744e-01
   9.4040000e-01   1.5975730e-01
   9.4050000e-01   1.5975721e-01
   9.4060000e-01   1.5975716e-01
   9.4070000e-01   1.5975714e-01
   9.4080000e-01   1.5975713e-01
   9.4090000e-01   1.5975713e-01
   9.4100000e-01   1.5975713e-01
   9.4110000e-01   1.5975713e-01
   9.4120000e-01   1.5975713e-01
   9.4130000e-01   1.5975717e-01
   9.4140000e-01   1.5975719e-01
   9.4150000e-01   1.5975708e-01
   9.4160000e-01   1.5975695e-01
   9.4170000e-01   1.5975683e-01
   9.4180000e-01   1.5975671e-01
   9.4190000e-01   1.5975659e-01
   9.4200000e-01   1.5975646e-01
   9.4210000e-01   1.5975633e-01
   9.4220000e-01   1.5975620e-01
   9.4230000e-01   1.5975607e-01
   9.4240000e-01   1.5975594e-01
   9.4250000e-01   1.5975581e-01
   9.4260000e-01   1.5975568e-01
   9.4270000e-01   1.5975554e-01
   9.4280000e-01   1.5975558e-01
   9.4290000e-01   1.5975503e-01
   9.4300000e-01   1.5975579e-01
   9.4310000e-01   1.5975494e-01
   9.4320000e-01   1.5975548e-01
   9.4330000e-01   1.5975592e-01
   9.4340000e-01   1.5975625e-01
   9.4350000e-01   9.4859718e-02
   9.4360000e-01   9.4859767e-02
   9.4370000e-01   9.4859782e-02
   9.4380000e-01   9.4859808e-02
   9.4390000e-01   9.4859827e-02
   9.4400000e-01   9.4859838e-02
   9.4410000e-01   9.4859845e-02
   9.4420000e-01   9.4859848e-02
   9.4430000e-01   9.4859848e-02
   9.4440000e-01   9.4859847e-02
   9.4450000e-01   9.4859844e-02
   9.4460000e-01   9.4859437e-02
   9.4470000e-01   9.4856960e-02
   9.4480000e-01   9.4852673e-02
   9.4490000e-01   9.4846941e-02
   9.4500000e-01   9.4840131e-02
   9.4510000e-01   9.4832613e-02
   9.4520000e-01   9.4824758e-02
   9.4530000e-01   9.4816934e-02
   9.4540000e-01   9.4809507e-02
   9.4550000e-01   9.4802838e-02
   9.4560000e-01   9.4797284e-02
   9.4570000e-01   9.4793191e-02
   9.4580000e-01   9.4790902e-02
   9.4590000e-01   9.4790747e-02
   9.4600000e-01   9.4793048e-02
   9.4610000e-01   9.4798117e-02
   9.4620000e-01   9.4806255e-02
   9.4630000e-01   9.4817748e-02
   9.4640000e-01   9.4829490e-02
   9.4650000e-01   9.4835970e-02
   9.4660000e-01   9.4839790e-02
   9.4670000e-01   9.4842056e-02
   9.4680000e-01   3.4300573e-01
   9.4690000e-01   3.4301298e-01
   9.4700000e-01   3.4301778e-01
   9.4710000e-01   3.4302085e-01
   9.4720000e-01   3.4302294e-01
   9.4730000e-01   3.4302436e-01
   9.4740000e-01   3.4302535e-01
   9.4750000e-01   3.4302604e-01
   9.4760000e-01   3.4302654e-01
   9.4770000e-01   3.4302690e-01
   9.4780000e-01   3.4302717e-01
   9.4790000e-01   3.4302715e-01
   9.4800000e-01   3.4302712e-01
   9.4810000e-01   3.4302696e-01
   9.4820000e-01   3.4302673e-01
   9.4830000e-01   3.4302648e-01
   9.4840000e-01   3.4302622e-01
   9.4850000e-01   3.4302597e-01
   9.4860000e-01   3.4302573e-01
   9.4870000e-01   3.4302549e-01
   9.4880000e-01   3.4302579e-01
   9.4890000e-01   3.4302531e-01
   9.4900000e-01   3.4302512e-01
   9.4910000e-01   3.4302468e-01
   9.4920000e-01   3.4302441e-01
   9.4930000e-01   3.4302425e-01
   9.4940000e-01   3.4302409e-01
   9.4950000e-01   3.4302393e-01
   9.4960000e-01   3.4302379e-01
   9.4970000e-01   3.4302366e-01
   9.4980000e-01   3.4302389e-01
   9.4990000e-01   3.4302389e-01
   9.5000000e-01   3.4302398e-01
   9.5010000e-01   3.4302363e-01
   9.5020000e-01   3.4302415e-01
   9.5030000e-01   3.4302363e-01
   9.5040000e-01   3.4302363e-01
   9.5050000e-01   3.4302401e-01
   9.5060000e-01   3.4302442e-01
   9.5070000e-01   3.4302493e-01
   9.5080000e-01   3.4302539e-01
   9.5090000e-01   3.4302578e-01
   9.5100000e-01   3.4302611e-01
   9.5110000e-01   3.4302635e-01
   9.5120000e-01   3.4302654e-01
   9.5130000e-01   3.4302679e-01
   9.5140000e-01   3.4302685e-01
   9.5150000e-01   3.4302680e-01
   9.5160000e-01   3.4302644e-01
   9.5170000e-01   3.4302621e-01
   9.5180000e-01   3.4302690e-01
   9.5190000e-01   3.4302604e-01
   9.5200000e-01   3.4302548e-01
   9.5210000e-01   3.4302505e-01
   9.5220000e-01   3.4302467e-01
   9.5230000e-01   3.4302431e-01
   9.5240000e-01   3.4302394e-01
   9.5250000e-01   3.4302356e-01
   9.5260000e-01   3.4302317e-01
   9.5270000e-01   3.4302276e-01
   9.5280000e-01   3.4302234e-01
   9.5290000e-01   3.4302211e-01
   9.5300000e-01   3.4302144e-01
   9.5310000e-01   3.4302116e-01
   9.5320000e-01   3.4302243e-01
   9.5330000e-01   3.4302344e-01
   9.5340000e-01   3.4302419e-01
   9.5350000e-01   9.8054653e-02
   9.5360000e-01   9.8054651e-02
   9.5370000e-01   9.8054649e-02
   9.5380000e-01   9.8054647e-02
   9.5390000e-01   9.8054647e-02
   9.5400000e-01   9.8054646e-02
   9.5410000e-01   9.8054646e-02
   9.5420000e-01   9.8054646e-02
   9.5430000e-01   9.8054646e-02
   9.5440000e-01   9.8054646e-02
   9.5450000e-01   9.8054659e-02
   9.5460000e-01   9.8054810e-02
   9.5470000e-01   9.8055103e-02
   9.5480000e-01   9.8055517e-02
   9.5490000e-01   9.8056029e-02
   9.5500000e-01   9.8056615e-02
   9.5510000e-01   9.8057254e-02
   9.5520000e-01   9.8057921e-02
   9.5530000e-01   9.8058590e-02
   9.5540000e-01   9.8059238e-02
   9.5550000e-01   9.8059837e-02
   9.5560000e-01   9.8060361e-02
   9.5570000e-01   9.8060785e-02
   9.5580000e-01   9.8061082e-02
   9.5590000e-01   9.8061228e-02
   9.5600000e-01   9.8061198e-02
   9.5610000e-01   9.8060971e-02
   9.5620000e-01   9.8060527e-02
   9.5630000e-01   9.8059850e-02
   9.5640000e-01   9.8058927e-02
   9.5650000e-01   9.8057777e-02
   9.5660000e-01   9.8057062e-02
   9.5670000e-01   9.8056671e-02
   9.5680000e-01   3.8503688e-01
   9.5690000e-01   3.8505857e-01
   9.5700000e-01   3.8507236e-01
   9.5710000e-01   3.8508130e-01
   9.5720000e-01   3.8508718e-01
   9.5730000e-01   3.8509111e-01
   9.5740000e-01   3.8509375e-01
   9.5750000e-01   3.8509554e-01
   9.5760000e-01   3.8509678e-01
   9.5770000e-01   3.8509764e-01
   9.5780000e-01   3.8509824e-01
   9.5790000e-01   3.8509992e-01
   9.5800000e-01   3.8510140e-01
   9.5810000e-01   3.8510470e-01
   9.5820000e-01   3.8510859e-01
   9.5830000e-01   3.8511272e-01
   9.5840000e-01   3.8511691e-01
   9.5850000e-01   3.8512104e-01
   9.5860000e-01   3.8512506e-01
   9.5870000e-01   3.8512892e-01
   9.5880000e-01   3.8513261e-01
   9.5890000e-01   3.8513611e-01
   9.5900000e-01   3.8513941e-01
   9.5910000e-01   3.8514249e-01
   9.5920000e-01   3.8514536e-01
   9.5930000e-01   3.8514798e-01
   9.5940000e-01   3.8515036e-01
   9.5950000e-01   3.8515246e-01
   9.5960000e-01   3.8515431e-01
   9.5970000e-01   3.8515443e-01
   9.5980000e-01   3.8515301e-01
   9.5990000e-01   3.8515122e-01
   9.6000000e-01   3.8514977e-01
   9.6010000e-01   3.8514219e-01
   9.6020000e-01   3.8514234e-01
   9.6030000e-01   3.8514213e-01
   9.6040000e-01   3.8514176e-01
   9.6050000e-01   3.8514135e-01
   9.6060000e-01   3.8514096e-01
   9.6070000e-01   3.8514063e-01
   9.6080000e-01   3.8514035e-01
   9.6090000e-01   3.8514014e-01
   9.6100000e-01   3.8513997e-01
   9.6110000e-01   3.8513985e-01
   9.6120000e-01   3.8513976e-01
   9.6130000e-01   3.8513977e-01
   9.6140000e-01   3.8513928e-01
   9.6150000e-01   3.8513925e-01
   9.6160000e-01   3.8513922e-01
   9.6170000e-01   3.8513916e-01
   9.6180000e-01   3.8513906e-01
   9.6190000e-01   3.8513894e-01
   9.6200000e-01   3.8513880e-01
   9.6210000e-01   3.8513908e-01
   9.6220000e-01   3.8513885e-01
   9.6230000e-01   3.8513838e-01
   9.6240000e-01   3.8513813e-01
   9.6250000e-01   3.8513787e-01
   9.6260000e-01   3.8513760e-01
   9.6270000e-01   3.8513732e-01
   9.6280000e-01   3.8513703e-01
   9.6290000e-01   3.8513841e-01
   9.6300000e-01   3.8513666e-01
   9.6310000e-01   3.8513789e-01
   9.6320000e-01   3.8513825e-01
   9.6330000e-01   3.8513886e-01
   9.6340000e-01   3.8513946e-01
   9.6350000e-01   2.9791237e-01
   9.6360000e-01   2.9791267e-01
   9.6370000e-01   2.9791303e-01
   9.6380000e-01   2.9791317e-01
   9.6390000e-01   2.9791326e-01
   9.6400000e-01   2.9791333e-01
   9.6410000e-01   2.9791339e-01
   9.6420000e-01   2.9791344e-01
   9.6430000e-01   2.9791348e-01
   9.6440000e-01   2.9791351e-01
   9.6450000e-01   2.9791283e-01
   9.6460000e-01   2.9790139e-01
   9.6470000e-01   2.9788934e-01
   9.6480000e-01   2.9787736e-01
   9.6490000e-01   2.9786545e-01
   9.6500000e-01   2.9785359e-01
   9.6510000e-01   2.9784178e-01
   9.6520000e-01   2.9783001e-01
   9.6530000e-01   2.9781828e-01
   9.6540000e-01   2.9780657e-01
   9.6550000e-01   2.9779488e-01
   9.6560000e-01   2.9778321e-01
   9.6570000e-01   2.9777154e-01
   9.6580000e-01   2.9775989e-01
   9.6590000e-01   2.9774824e-01
   9.6600000e-01   2.9773661e-01
   9.6610000e-01   2.9772499e-01
   9.6620000e-01   2.9771340e-01
   9.6630000e-01   2.9770185e-01
   9.6640000e-01   2.9771410e-01
   9.6650000e-01   2.9777406e-01
   9.6660000e-01   2.9781440e-01
   9.6670000e-01   2.9783612e-01
   9.6680000e-01   1.5963011e-01
   9.6690000e-01   1.5963341e-01
   9.6700000e-01   1.5963569e-01
   9.6710000e-01   1.5963685e-01
   9.6720000e-01   1.5963764e-01
   9.6730000e-01   1.5963816e-01
   9.6740000e-01   1.5963851e-01
   9.6750000e-01   1.5963874e-01
   9.6760000e-01   1.5963890e-01
   9.6770000e-01   1.5963899e-01
   9.6780000e-01   1.5963906e-01
   9.6790000e-01   1.5963864e-01
   9.6800000e-01   1.5963807e-01
   9.6810000e-01   1.5963718e-01
   9.6820000e-01   1.5963590e-01
   9.6830000e-01   1.5963444e-01
   9.6840000e-01   1.5963295e-01
   9.6850000e-01   1.5963147e-01
   9.6860000e-01   1.5963003e-01
   9.6870000e-01   1.5962864e-01
   9.6880000e-01   1.5962733e-01
   9.6890000e-01   1.5962609e-01
   9.6900000e-01   1.5962492e-01
   9.6910000e-01   1.5962384e-01
   9.6920000e-01   1.5962285e-01
   9.6930000e-01   1.5962194e-01
   9.6940000e-01   1.5962113e-01
   9.6950000e-01   1.5962041e-01
   9.6960000e-01   1.5961974e-01
   9.6970000e-01   1.5961987e-01
   9.6980000e-01   1.5962057e-01
   9.6990000e-01   1.5962124e-01
   9.7000000e-01   1.5962174e-01
   9.7010000e-01   1.5962247e-01
   9.7020000e-01   1.5962232e-01
   9.7030000e-01   1.5962223e-01
   9.7040000e-01   1.5962186e-01
   9.7050000e-01   1.5962142e-01
   9.7060000e-01   1.5962100e-01
   9.7070000e-01   1.5962063e-01
   9.7080000e-01   1.5962032e-01
   9.7090000e-01   1.5962006e-01
   9.7100000e-01   1.5961986e-01
   9.7110000e-01   1.5961970e-01
   9.7120000e-01   1.5961957e-01
   9.7130000e-01   1.5961951e-01
   9.7140000e-01   1.5961930e-01
   9.7150000e-01   1.5961917e-01
   9.7160000e-01   1.5961913e-01
   9.7170000e-01   1.5961904e-01
   9.7180000e-01   1.5961895e-01
   9.7190000e-01   1.5961886e-01
   9.7200000e-01   1.5961876e-01
   9.7210000e-01   1.5961865e-01
   9.7220000e-01   1.5961853e-01
   9.7230000e-01   1.5961840e-01
   9.7240000e-01   1.5961826e-01
   9.7250000e-01   1.5961811e-01
   9.7260000e-01   1.5961794e-01
   9.7270000e-01   1.5961777e-01
   9.7280000e-01   1.5961758e-01
   9.7290000e-01   1.5961702e-01
   9.7300000e-01   1.5961719e-01
   9.7310000e-01   1.5961747e-01
   9.7320000e-01   1.5961781e-01
   9.7330000e-01   1.5961813e-01
   9.7340000e-01   1.5961840e-01
   9.7350000e-01   1.5961862e-01
   9.7360000e-01   1.5961877e-01
   9.7370000e-01   1.5961866e-01
   9.7380000e-01   1.5961887e-01
   9.7390000e-01   1.5961897e-01
   9.7400000e-01   1.5961903e-01
   9.7410000e-01   1.5961907e-01
   9.7420000e-01   1.5961909e-01
   9.7430000e-01   1.5961911e-01
   9.7440000e-01   1.5961911e-01
   9.7450000e-01   1.5961971e-01
   9.7460000e-01   1.5962613e-01
   9.7470000e-01   1.5963316e-01
   9.7480000e-01   1.5964015e-01
   9.7490000e-01   1.5964710e-01
   9.7500000e-01   1.5965401e-01
   9.7510000e-01   1.5966090e-01
   9.7520000e-01   1.5966775e-01
   9.7530000e-01   1.5967458e-01
   9.7540000e-01   1.5968139e-01
   9.7550000e-01   1.5968818e-01
   9.7560000e-01   1.5969495e-01
   9.7570000e-01   1.5970170e-01
   9.7580000e-01   1.5970844e-01
   9.7590000e-01   1.5971516e-01
   9.7600000e-01   1.5972187e-01
   9.7610000e-01   1.5972855e-01
   9.7620000e-01   1.5973521e-01
   9.7630000e-01   1.5974184e-01
   9.7640000e-01   1.5973363e-01
   9.7650000e-01   1.5969863e-01
   9.7660000e-01   1.5967564e-01
   9.7670000e-01   1.5966354e-01
   9.7680000e-01   1.5965661e-01
   9.7690000e-01   1.5965247e-01
   9.7700000e-01   1.5964989e-01
   9.7710000e-01   1.5964825e-01
   9.7720000e-01   1.5964718e-01
   9.7730000e-01   1.5964648e-01
   9.7740000e-01   1.5964601e-01
   9.7750000e-01   1.5964570e-01
   9.7760000e-01   1.5964549e-01
   9.7770000e-01   1.5964535e-01
   9.7780000e-01   1.5964526e-01
   9.7790000e-01   1.5964494e-01
   9.7800000e-01   1.5964495e-01
   9.7810000e-01   1.5964488e-01
   9.7820000e-01   1.5964478e-01
   9.7830000e-01   1.5964466e-01
   9.7840000e-01   1.5964455e-01
   9.7850000e-01   1.5964444e-01
   9.7860000e-01   1.5964433e-01
   9.7870000e-01   1.5964423e-01
   9.7880000e-01   1.5964399e-01
   9.7890000e-01   1.5964392e-01
   9.7900000e-01   1.5964385e-01
   9.7910000e-01   1.5964389e-01
   9.7920000e-01   1.5964386e-01
   9.7930000e-01   1.5964380e-01
   9.7940000e-01   1.5964375e-01
   9.7950000e-01   1.5964371e-01
   9.7960000e-01   1.5964368e-01
   9.7970000e-01   1.5964364e-01
   9.7980000e-01   1.5964358e-01
   9.7990000e-01   1.5964364e-01
   9.8000000e-01   1.5964371e-01
   9.8010000e-01   1.5964432e-01
   9.8020000e-01   1.5964435e-01
   9.8030000e-01   1.5964471e-01
   9.8040000e-01   1.5964543e-01
   9.8050000e-01   1.5964603e-01
   9.8060000e-01   1.5964655e-01
   9.8070000e-01   1.5964692e-01
   9.8080000e-01   1.5964721e-01
   9.8090000e-01   1.5964743e-01
   9.8100000e-01   1.5964759e-01
   9.8110000e-01   1.5964771e-01
   9.8120000e-01   1.5964780e-01
   9.8130000e-01   1.5964799e-01
   9.8140000e-01   1.5964791e-01
   9.8150000e-01   1.5964785e-01
   9.8160000e-01   1.5964779e-01
   9.8170000e-01   1.5964773e-01
   9.8180000e-01   1.5964765e-01
   9.8190000e-01   1.5964756e-01
   9.8200000e-01   1.5964746e-01
   9.8210000e-01   1.5964729e-01
   9.8220000e-01   1.5964710e-01
   9.8230000e-01   1.5964697e-01
   9.8240000e-01   1.5964680e-01
   9.8250000e-01   1.5964660e-01
   9.8260000e-01   1.5964638e-01
   9.8270000e-01   1.5964615e-01
   9.8280000e-01   1.5964591e-01
   9.8290000e-01   1.5964504e-01
   9.8300000e-01   1.5964489e-01
   9.8310000e-01   1.5964522e-01
   9.8320000e-01   1.5964584e-01
   9.8330000e-01   1.5964638e-01
   9.8340000e-01   1.5964681e-01
   9.8350000e-01   1.5964714e-01
   9.8360000e-01   1.5964737e-01
   9.8370000e-01   1.5964750e-01
   9.8380000e-01   1.5964761e-01
   9.8390000e-01   1.5964772e-01
   9.8400000e-01   1.5964779e-01
   9.8410000e-01   1.5964783e-01
   9.8420000e-01   1.5964785e-01
   9.8430000e-01   1.5964786e-01
   9.8440000e-01   1.5964787e-01
   9.8450000e-01   1.5964806e-01
   9.8460000e-01   1.5964880e-01
   9.8470000e-01   1.5964954e-01
   9.8480000e-01   1.5965029e-01
   9.8490000e-01   1.5965102e-01
   9.8500000e-01   1.5965175e-01
   9.8510000e-01   1.5965248e-01
   9.8520000e-01   1.5965320e-01
   9.8530000e-01   1.5965392e-01
   9.8540000e-01   1.5965463e-01
   9.8550000e-01   1.5965534e-01
   9.8560000e-01   1.5965605e-01
   9.8570000e-01   1.5965674e-01
   9.8580000e-01   1.5965744e-01
   9.8590000e-01   1.5965813e-01
   9.8600000e-01   1.5965881e-01
   9.8610000e-01   1.5965949e-01
   9.8620000e-01   1.5966016e-01
   9.8630000e-01   1.5966082e-01
   9.8640000e-01   1.5966148e-01
   9.8650000e-01   1.5965866e-01
   9.8660000e-01   1.5965500e-01
   9.8670000e-01   1.5965340e-01
   9.8680000e-01   1.5965248e-01
   9.8690000e-01   1.5965194e-01
   9.8700000e-01   1.5965135e-01
   9.8710000e-01   1.5965130e-01
   9.8720000e-01   1.5965124e-01
   9.8730000e-01   1.5965118e-01
   9.8740000e-01   1.5965114e-01
   9.8750000e-01   1.5965111e-01
   9.8760000e-01   1.5965109e-01
   9.8770000e-01   1.5965108e-01
   9.8780000e-01   1.5965108e-01
   9.8790000e-01   1.5965105e-01
   9.8800000e-01   1.5965183e-01
   9.8810000e-01   1.5965265e-01
   9.8820000e-01   1.5965374e-01
   9.8830000e-01   1.5965501e-01
   9.8840000e-01   1.5965630e-01
   9.8850000e-01   1.5965759e-01
   9.8860000e-01   1.5965884e-01
   9.8870000e-01   1.5966005e-01
   9.8880000e-01   1.5966119e-01
   9.8890000e-01   1.5966228e-01
   9.8900000e-01   1.5966330e-01
   9.8910000e-01   1.5966424e-01
   9.8920000e-01   1.5966512e-01
   9.8930000e-01   1.5966591e-01
   9.8940000e-01   1.5966663e-01
   9.8950000e-01   1.5966726e-01
   9.8960000e-01   1.5966786e-01
   9.8970000e-01   1.5966767e-01
   9.8980000e-01   1.5966679e-01
   9.8990000e-01   1.5966625e-01
   9.9000000e-01   1.5966587e-01
   9.9010000e-01   1.5966795e-01
   9.9020000e-01   1.5966785e-01
   9.9030000e-01   1.5966800e-01
   9.9040000e-01   1.5966813e-01
   9.9050000e-01   1.5966836e-01
   9.9060000e-01   1.5966863e-01
   9.9070000e-01   1.5966890e-01
   9.9080000e-01   1.5966915e-01
   9.9090000e-01   1.5966935e-01
   9.9100000e-01   1.5966952e-01
   9.9110000e-01   1.5966965e-01
   9.9120000e-01   1.5966975e-01
   9.9130000e-01   1.5966994e-01
   9.9140000e-01   1.5966987e-01
   9.9150000e-01   1.5966954e-01
   9.9160000e-01   1.5966958e-01
   9.9170000e-01   1.5966951e-01
   9.9180000e-01   1.5966940e-01
   9.9190000e-01   1.5966929e-01
   9.9200000e-01   1.5966915e-01
   9.9210000e-01   1.5966898e-01
   9.9220000e-01   1.5966880e-01
   9.9230000e-01   1.5966861e-01
   9.9240000e-01   1.5966842e-01
   9.9250000e-01   1.5966822e-01
   9.9260000e-01   1.5966803e-01
   9.9270000e-01   1.5966783e-01
   9.9280000e-01   1.5966762e-01
   9.9290000e-01   1.5966753e-01
   9.9300000e-01   1.5966771e-01
   9.9310000e-01   1.5966794e-01
   9.9320000e-01   1.5966843e-01
   9.9330000e-01   1.5966889e-01
   9.9340000e-01   1.5966927e-01
   9.9350000e-01   9.4832236e-02
   9.9360000e-01   9.4832300e-02
   9.9370000e-01   9.4832364e-02
   9.9380000e-01   9.4832384e-02
   9.9390000e-01   9.4832396e-02
   9.9400000e-01   9.4832403e-02
   9.9410000e-01   9.4832406e-02
   9.9420000e-01   9.4832405e-02
   9.9430000e-01   9.4832401e-02
   9.9440000e-01   9.4832396e-02
   9.9450000e-01   9.4832389e-02
   9.9460000e-01   9.4832493e-02
   9.9470000e-01   9.4832741e-02
   9.9480000e-01   9.4832987e-02
   9.9490000e-01   9.4833235e-02
   9.9500000e-01   9.4833478e-02
   9.9510000e-01   9.4833719e-02
   9.9520000e-01   9.4833959e-02
   9.9530000e-01   9.4834197e-02
   9.9540000e-01   9.4834434e-02
   9.9550000e-01   9.4834668e-02
   9.9560000e-01   9.4834900e-02
   9.9570000e-01   9.4835130e-02
   9.9580000e-01   9.4835358e-02
   9.9590000e-01   9.4835584e-02
   9.9600000e-01   9.4835808e-02
   9.9610000e-01   9.4836029e-02
   9.9620000e-01   9.4836248e-02
   9.9630000e-01   9.4836351e-02
   9.9640000e-01   9.4834698e-02
   9.9650000e-01   9.4833955e-02
   9.9660000e-01   9.4833564e-02
   9.9670000e-01   9.4833341e-02
   9.9680000e-01   3.4292272e-01
   9.9690000e-01   3.4292204e-01
   9.9700000e-01   3.4292252e-01
   9.9710000e-01   3.4292190e-01
   9.9720000e-01   3.4292152e-01
   9.9730000e-01   3.4292124e-01
   9.9740000e-01   3.4292110e-01
   9.9750000e-01   3.4292103e-01
   9.9760000e-01   3.4292099e-01
   9.9770000e-01   3.4292098e-01
   9.9780000e-01   3.4292099e-01
   9.9790000e-01   3.4292068e-01
   9.9800000e-01   3.4291911e-01
   9.9810000e-01   3.4291635e-01
   9.9820000e-01   3.4291292e-01
   9.9830000e-01   3.4290898e-01
   9.9840000e-01   3.4290494e-01
   9.9850000e-01   3.4290092e-01
   9.9860000e-01   3.4289701e-01
   9.9870000e-01   3.4289326e-01
   9.9880000e-01   3.4289005e-01
   9.9890000e-01   3.4288663e-01
   9.9900000e-01   3.4288342e-01
   9.9910000e-01   3.4288019e-01
   9.9920000e-01   3.4287737e-01
   9.9930000e-01   3.4287489e-01
   9.9940000e-01   3.4287266e-01
   9.9950000e-01   3.4287065e-01
   9.9960000e-01   3.4286989e-01
   9.9970000e-01   3.4287035e-01
   9.9980000e-01   3.4287235e-01
   9.9990000e-01   3.4287408e-01
