   7.9990000e-01  -3.1330250e+01
   8.0000000e-01  -2.1724905e+01
   8.0010000e-01  -1.2881561e+01
   8.0020000e-01  -2.7286924e+00
   8.0030000e-01   1.0167488e+01
   8.0040000e-01   1.8280535e+01
   8.0050000e-01   2.7195697e+01
   8.0060000e-01   3.6436260e+01
   8.0070000e-01   4.5803791e+01
   8.0080000e-01   5.5217285e+01
   8.0090000e-01   6.4620573e+01
   8.0100000e-01   7.3982388e+01
   8.0110000e-01   8.3283020e+01
   8.0120000e-01   9.2502779e+01
   8.0130000e-01   1.0192943e+02
   8.0140000e-01   1.1134156e+02
   8.0150000e-01   1.2064617e+02
   8.0160000e-01   1.2981210e+02
   8.0170000e-01   1.3880251e+02
   8.0180000e-01   1.4759338e+02
   8.0190000e-01   1.5616652e+02
   8.0200000e-01   1.6450743e+02
   8.0210000e-01   1.7260450e+02
   8.0220000e-01   1.8044794e+02
   8.0230000e-01   1.8802947e+02
   8.0240000e-01   1.9534253e+02
   8.0250000e-01   2.0237936e+02
   8.0260000e-01   2.0913267e+02
   8.0270000e-01   2.1559577e+02
   8.0280000e-01   2.2176240e+02
   8.0290000e-01   2.2762664e+02
   8.0300000e-01   2.3318296e+02
   8.0310000e-01   2.3839220e+02
   8.0320000e-01   2.4387990e+02
   8.0330000e-01   2.5001378e+02
   8.0340000e-01   2.5595062e+02
   8.0350000e-01   2.6154945e+02
   8.0360000e-01   2.6677771e+02
   8.0370000e-01   2.7164082e+02
   8.0380000e-01   2.7615491e+02
   8.0390000e-01   2.8033597e+02
   8.0400000e-01   2.8419669e+02
   8.0410000e-01   2.8774594e+02
   8.0420000e-01   2.9098952e+02
   8.0430000e-01   2.9393082e+02
   8.0440000e-01   2.9596219e+02
   8.0450000e-01   2.9601858e+02
   8.0460000e-01   2.9608448e+02
   8.0470000e-01   2.9615865e+02
   8.0480000e-01   2.9623969e+02
   8.0490000e-01   2.9632613e+02
   8.0500000e-01   2.9641640e+02
   8.0510000e-01   2.9650889e+02
   8.0520000e-01   2.9660192e+02
   8.0530000e-01   2.9669380e+02
   8.0540000e-01   2.9678278e+02
   8.0550000e-01   2.9686705e+02
   8.0560000e-01   2.9694482e+02
   8.0570000e-01   2.9701424e+02
   8.0580000e-01   2.9707345e+02
   8.0590000e-01   2.9712056e+02
   8.0600000e-01   2.9715366e+02
   8.0610000e-01   2.9717084e+02
   8.0620000e-01   2.9717016e+02
   8.0630000e-01   2.9714970e+02
   8.0640000e-01   2.9710750e+02
   8.0650000e-01   2.9704162e+02
   8.0660000e-01   2.9695011e+02
   8.0670000e-01   2.8689189e+02
   8.0680000e-01   2.7714573e+02
   8.0690000e-01   2.6962071e+02
   8.0700000e-01   2.6306818e+02
   8.0710000e-01   2.5690270e+02
   8.0720000e-01   2.5084297e+02
   8.0730000e-01   2.4474592e+02
   8.0740000e-01   2.3853599e+02
   8.0750000e-01   2.3217224e+02
   8.0760000e-01   2.2563251e+02
   8.0770000e-01   2.1890540e+02
   8.0780000e-01   2.1206165e+02
   8.0790000e-01   2.0519042e+02
   8.0800000e-01   1.9824815e+02
   8.0810000e-01   1.9117436e+02
   8.0820000e-01   1.8390276e+02
   8.0830000e-01   1.7640876e+02
   8.0840000e-01   1.6868136e+02
   8.0850000e-01   1.6068987e+02
   8.0860000e-01   1.5264747e+02
   8.0870000e-01   1.4413806e+02
   8.0880000e-01   1.3543537e+02
   8.0890000e-01   1.2655164e+02
   8.0900000e-01   1.1745291e+02
   8.0910000e-01   1.0817473e+02
   8.0920000e-01   9.8716660e+01
   8.0930000e-01   8.9069915e+01
   8.0940000e-01   7.9248282e+01
   8.0950000e-01   6.9263873e+01
   8.0960000e-01   5.9127850e+01
   8.0970000e-01   4.8851042e+01
   8.0980000e-01   3.8444215e+01
   8.0990000e-01   2.8118977e+01
   8.1000000e-01   1.8408710e+01
   8.1010000e-01  -6.6874289e-02
   8.1020000e-01  -4.2190026e+00
   8.1030000e-01  -1.1028001e+01
   8.1040000e-01  -1.9127792e+01
   8.1050000e-01  -2.7891344e+01
   8.1060000e-01  -3.6965681e+01
   8.1070000e-01  -4.6189359e+01
   8.1080000e-01  -5.5490785e+01
   8.1090000e-01  -6.4811354e+01
   8.1100000e-01  -7.4113847e+01
   8.1110000e-01  -8.3372616e+01
   8.1120000e-01  -9.2546452e+01
   8.1130000e-01  -1.0188564e+02
   8.1140000e-01  -1.1123638e+02
   8.1150000e-01  -1.2057468e+02
   8.1160000e-01  -1.2974381e+02
   8.1170000e-01  -1.3873545e+02
   8.1180000e-01  -1.4752787e+02
   8.1190000e-01  -1.5610330e+02
   8.1200000e-01  -1.6444729e+02
   8.1210000e-01  -1.7254814e+02
   8.1220000e-01  -1.8039593e+02
   8.1230000e-01  -1.8798189e+02
   8.1240000e-01  -1.9529804e+02
   8.1250000e-01  -2.0233700e+02
   8.1260000e-01  -2.0909187e+02
   8.1270000e-01  -2.1555613e+02
   8.1280000e-01  -2.2172364e+02
   8.1290000e-01  -2.2758859e+02
   8.1300000e-01  -2.3314548e+02
   8.1310000e-01  -2.3828311e+02
   8.1320000e-01  -2.4411913e+02
   8.1330000e-01  -2.5019375e+02
   8.1340000e-01  -2.5607666e+02
   8.1350000e-01  -2.6163687e+02
   8.1360000e-01  -2.6685369e+02
   8.1370000e-01  -2.7167654e+02
   8.1380000e-01  -2.7617488e+02
   8.1390000e-01  -2.8034618e+02
   8.1400000e-01  -2.8420047e+02
   8.1410000e-01  -2.8774549e+02
   8.1420000e-01  -2.9098624e+02
   8.1430000e-01  -2.9392568e+02
   8.1440000e-01  -2.9629693e+02
   8.1450000e-01  -2.9635147e+02
   8.1460000e-01  -2.9641544e+02
   8.1470000e-01  -2.9648762e+02
   8.1480000e-01  -2.9656663e+02
   8.1490000e-01  -2.9665099e+02
   8.1500000e-01  -2.9673914e+02
   8.1510000e-01  -2.9682947e+02
   8.1520000e-01  -2.9692032e+02
   8.1530000e-01  -2.9700998e+02
   8.1540000e-01  -2.9709669e+02
   8.1550000e-01  -2.9717868e+02
   8.1560000e-01  -2.9725414e+02
   8.1570000e-01  -2.9732122e+02
   8.1580000e-01  -2.9737805e+02
   8.1590000e-01  -2.9742276e+02
   8.1600000e-01  -2.9745344e+02
   8.1610000e-01  -2.9746817e+02
   8.1620000e-01  -2.9746504e+02
   8.1630000e-01  -2.9744208e+02
   8.1640000e-01  -2.9739738e+02
   8.1650000e-01  -2.9732897e+02
   8.1660000e-01  -2.9723492e+02
   8.1670000e-01  -2.8467137e+02
   8.1680000e-01  -2.7601405e+02
   8.1690000e-01  -2.6895388e+02
   8.1700000e-01  -2.6268320e+02
   8.1710000e-01  -2.5666849e+02
   8.1720000e-01  -2.5069493e+02
   8.1730000e-01  -2.4464967e+02
   8.1740000e-01  -2.3847221e+02
   8.1750000e-01  -2.3212956e+02
   8.1760000e-01  -2.2560385e+02
   8.1770000e-01  -2.1888623e+02
   8.1780000e-01  -2.1197334e+02
   8.1790000e-01  -2.0486543e+02
   8.1800000e-01  -1.9756514e+02
   8.1810000e-01  -1.9007651e+02
   8.1820000e-01  -1.8240498e+02
   8.1830000e-01  -1.7455658e+02
   8.1840000e-01  -1.6653819e+02
   8.1850000e-01  -1.5833129e+02
   8.1860000e-01  -1.5015748e+02
   8.1870000e-01  -1.4158938e+02
   8.1880000e-01  -1.3291520e+02
   8.1890000e-01  -1.2414743e+02
   8.1900000e-01  -1.1524817e+02
   8.1910000e-01  -1.0626188e+02
   8.1920000e-01  -9.7179988e+01
   8.1930000e-01  -8.7994041e+01
   8.1940000e-01  -7.8717506e+01
   8.1950000e-01  -6.9361743e+01
   8.1960000e-01  -5.9936935e+01
   8.1970000e-01  -5.0452790e+01
   8.1980000e-01  -4.0918845e+01
   8.1990000e-01  -3.1344583e+01
   8.2000000e-01  -2.1739486e+01
   8.2010000e-01  -1.1620103e+01
   8.2020000e-01  -2.3908763e+00
   8.2030000e-01   7.1007024e+00
   8.2040000e-01   1.6702028e+01
   8.2050000e-01   2.6327153e+01
   8.2060000e-01   3.5936487e+01
   8.2070000e-01   4.5509854e+01
   8.2080000e-01   5.5034752e+01
   8.2090000e-01   6.4501485e+01
   8.2100000e-01   7.3901302e+01
   8.2110000e-01   8.3225670e+01
   8.2120000e-01   9.2449153e+01
   8.2130000e-01   1.0183211e+02
   8.2140000e-01   1.1132587e+02
   8.2150000e-01   1.2057976e+02
   8.2160000e-01   1.2972331e+02
   8.2170000e-01   1.3870481e+02
   8.2180000e-01   1.4749325e+02
   8.2190000e-01   1.5606724e+02
   8.2200000e-01   1.6441083e+02
   8.2210000e-01   1.7251169e+02
   8.2220000e-01   1.8035965e+02
   8.2230000e-01   1.8794582e+02
   8.2240000e-01   1.9526220e+02
   8.2250000e-01   2.0230140e+02
   8.2260000e-01   2.0905649e+02
   8.2270000e-01   2.1552098e+02
   8.2280000e-01   2.2168873e+02
   8.2290000e-01   2.2755388e+02
   8.2300000e-01   2.3311101e+02
   8.2310000e-01   2.3830531e+02
   8.2320000e-01   2.4418972e+02
   8.2330000e-01   2.5026490e+02
   8.2340000e-01   2.5613565e+02
   8.2350000e-01   2.6168150e+02
   8.2360000e-01   2.6686943e+02
   8.2370000e-01   2.7170300e+02
   8.2380000e-01   2.7619600e+02
   8.2390000e-01   2.8036226e+02
   8.2400000e-01   2.8421267e+02
   8.2410000e-01   2.8775491e+02
   8.2420000e-01   2.9099366e+02
   8.2430000e-01   2.9393167e+02
   8.2440000e-01   2.9657031e+02
   8.2450000e-01   2.9666132e+02
   8.2460000e-01   2.9672357e+02
   8.2470000e-01   2.9679396e+02
   8.2480000e-01   2.9687113e+02
   8.2490000e-01   2.9695361e+02
   8.2500000e-01   2.9703985e+02
   8.2510000e-01   2.9712823e+02
   8.2520000e-01   2.9721710e+02
   8.2530000e-01   2.9730474e+02
   8.2540000e-01   2.9738942e+02
   8.2550000e-01   2.9746934e+02
   8.2560000e-01   2.9754270e+02
   8.2570000e-01   2.9760766e+02
   8.2580000e-01   2.9766235e+02
   8.2590000e-01   2.9770490e+02
   8.2600000e-01   2.9773339e+02
   8.2610000e-01   2.9774592e+02
   8.2620000e-01   2.9774055e+02
   8.2630000e-01   2.9771536e+02
   8.2640000e-01   2.9766839e+02
   8.2650000e-01   2.9759770e+02
   8.2660000e-01   2.9485528e+02
   8.2670000e-01   2.8346142e+02
   8.2680000e-01   2.7530813e+02
   8.2690000e-01   2.6857346e+02
   8.2700000e-01   2.6244856e+02
   8.2710000e-01   2.5651944e+02
   8.2720000e-01   2.5059830e+02
   8.2730000e-01   2.4458630e+02
   8.2740000e-01   2.3843047e+02
   8.2750000e-01   2.3210209e+02
   8.2760000e-01   2.2558594e+02
   8.2770000e-01   2.1887480e+02
   8.2780000e-01   2.1201227e+02
   8.2790000e-01   2.0513950e+02
   8.2800000e-01   1.9818865e+02
   8.2810000e-01   1.9110976e+02
   8.2820000e-01   1.8383535e+02
   8.2830000e-01   1.7633986e+02
   8.2840000e-01   1.6861183e+02
   8.2850000e-01   1.6062028e+02
   8.2860000e-01   1.5257808e+02
   8.2870000e-01   1.4406905e+02
   8.2880000e-01   1.3536687e+02
   8.2890000e-01   1.2648368e+02
   8.2900000e-01   1.1738556e+02
   8.2910000e-01   1.0810799e+02
   8.2920000e-01   9.8650568e+01
   8.2930000e-01   8.8850459e+01
   8.2940000e-01   7.9111868e+01
   8.2950000e-01   6.9169018e+01
   8.2960000e-01   5.9052468e+01
   8.2970000e-01   4.8784800e+01
   8.2980000e-01   3.8402604e+01
   8.2990000e-01   2.8250969e+01
   8.3000000e-01   1.8671247e+01
   8.3010000e-01   5.6721359e+00
   8.3020000e-01  -2.6297024e-01
   8.3030000e-01  -8.2912415e+00
   8.3040000e-01  -1.7202578e+01
   8.3050000e-01  -2.6545361e+01
   8.3060000e-01  -3.6026201e+01
   8.3070000e-01  -4.5549252e+01
   8.3080000e-01  -5.5056082e+01
   8.3090000e-01  -6.4517481e+01
   8.3100000e-01  -7.3916677e+01
   8.3110000e-01  -8.3241924e+01
   8.3120000e-01  -9.2467469e+01
   8.3130000e-01  -1.0183053e+02
   8.3140000e-01  -1.1123399e+02
   8.3150000e-01  -1.2053294e+02
   8.3160000e-01  -1.2969533e+02
   8.3170000e-01  -1.3868398e+02
   8.3180000e-01  -1.4747446e+02
   8.3190000e-01  -1.5604821e+02
   8.3200000e-01  -1.6439049e+02
   8.3210000e-01  -1.7248955e+02
   8.3220000e-01  -1.8033551e+02
   8.3230000e-01  -1.8791962e+02
   8.3240000e-01  -1.9523400e+02
   8.3250000e-01  -2.0227135e+02
   8.3260000e-01  -2.0902484e+02
   8.3270000e-01  -2.1548805e+02
   8.3280000e-01  -2.2165493e+02
   8.3290000e-01  -2.2751974e+02
   8.3300000e-01  -2.3307712e+02
   8.3310000e-01  -2.3831142e+02
   8.3320000e-01  -2.4429088e+02
   8.3330000e-01  -2.5038692e+02
   8.3340000e-01  -2.5624761e+02
   8.3350000e-01  -2.6177429e+02
   8.3360000e-01  -2.6695994e+02
   8.3370000e-01  -2.7175743e+02
   8.3380000e-01  -2.7623682e+02
   8.3390000e-01  -2.8039430e+02
   8.3400000e-01  -2.8423874e+02
   8.3410000e-01  -2.8777670e+02
   8.3420000e-01  -2.9101247e+02
   8.3430000e-01  -2.9394836e+02
   8.3440000e-01  -2.9658541e+02
   8.3450000e-01  -2.9892359e+02
   8.3460000e-01  -2.9917441e+02
   8.3470000e-01  -2.9923043e+02
   8.3480000e-01  -2.9929361e+02
   8.3490000e-01  -2.9936273e+02
   8.3500000e-01  -2.9943642e+02
   8.3510000e-01  -2.9951318e+02
   8.3520000e-01  -2.9959138e+02
   8.3530000e-01  -2.9966931e+02
   8.3540000e-01  -2.9974514e+02
   8.3550000e-01  -2.9981700e+02
   8.3560000e-01  -2.9988289e+02
   8.3570000e-01  -2.9994079e+02
   8.3580000e-01  -2.9998857e+02
   8.3590000e-01  -3.0002408e+02
   8.3600000e-01  -3.0004507e+02
   8.3610000e-01  -3.0004928e+02
   8.3620000e-01  -3.0003437e+02
   8.3630000e-01  -2.9999798e+02
   8.3640000e-01  -2.9859903e+02
   8.3650000e-01  -2.8939718e+02
   8.3660000e-01  -2.8265474e+02
   8.3670000e-01  -2.7694189e+02
   8.3680000e-01  -2.7161666e+02
   8.3690000e-01  -2.6637093e+02
   8.3700000e-01  -2.6106383e+02
   8.3710000e-01  -2.5562128e+02
   8.3720000e-01  -2.5000821e+02
   8.3730000e-01  -2.4419113e+02
   8.3740000e-01  -2.3816181e+02
   8.3750000e-01  -2.3191711e+02
   8.3760000e-01  -2.2545702e+02
   8.3770000e-01  -2.1878372e+02
   8.3780000e-01  -2.1190093e+02
   8.3790000e-01  -2.0488209e+02
   8.3800000e-01  -1.9789009e+02
   8.3810000e-01  -1.9077252e+02
   8.3820000e-01  -1.8347274e+02
   8.3830000e-01  -1.7595997e+02
   8.3840000e-01  -1.6821877e+02
   8.3850000e-01  -1.6021581e+02
   8.3860000e-01  -1.5216257e+02
   8.3870000e-01  -1.4364154e+02
   8.3880000e-01  -1.3492647e+02
   8.3890000e-01  -1.2602951e+02
   8.3900000e-01  -1.1691666e+02
   8.3910000e-01  -1.0762365e+02
   8.3920000e-01  -9.8150453e+01
   8.3930000e-01  -8.8488764e+01
   8.3940000e-01  -7.8652931e+01
   8.3950000e-01  -6.8655697e+01
   8.3960000e-01  -5.8508928e+01
   8.3970000e-01  -4.8224219e+01
   8.3980000e-01  -3.8400262e+01
   8.3990000e-01  -2.9018314e+01
   8.4000000e-01  -1.9887230e+01
   8.4010000e-01  -1.1811231e+01
   8.4020000e-01  -1.9139870e+00
   8.4030000e-01   7.7529378e+00
   8.4040000e-01   1.7274691e+01
   8.4050000e-01   2.6764498e+01
   8.4060000e-01   3.6255407e+01
   8.4070000e-01   4.5739106e+01
   8.4080000e-01   5.5198893e+01
   8.4090000e-01   6.4619380e+01
   8.4100000e-01   7.3986761e+01
   8.4110000e-01   8.3288538e+01
   8.4120000e-01   9.2501963e+01
   8.4130000e-01   1.0181006e+02
   8.4140000e-01   1.1119851e+02
   8.4150000e-01   1.2048816e+02
   8.4160000e-01   1.2964477e+02
   8.4170000e-01   1.3862995e+02
   8.4180000e-01   1.4741844e+02
   8.4190000e-01   1.5599105e+02
   8.4200000e-01   1.6433275e+02
   8.4210000e-01   1.7243159e+02
   8.4220000e-01   1.8024464e+02
   8.4230000e-01   1.8786668e+02
   8.4240000e-01   1.9519183e+02
   8.4250000e-01   2.0222269e+02
   8.4260000e-01   2.0897364e+02
   8.4270000e-01   2.1543615e+02
   8.4280000e-01   2.2160293e+02
   8.4290000e-01   2.2746771e+02
   8.4300000e-01   2.3304780e+02
   8.4310000e-01   2.3835067e+02
   8.4320000e-01   2.4442420e+02
   8.4330000e-01   2.5052218e+02
   8.4340000e-01   2.5635980e+02
   8.4350000e-01   2.6185844e+02
   8.4360000e-01   2.6701941e+02
   8.4370000e-01   2.7179826e+02
   8.4380000e-01   2.7626362e+02
   8.4390000e-01   2.8041108e+02
   8.4400000e-01   2.8424853e+02
   8.4410000e-01   2.8778168e+02
   8.4420000e-01   2.9101420e+02
   8.4430000e-01   2.9394791e+02
   8.4440000e-01   2.9658336e+02
   8.4450000e-01   2.9694977e+02
   8.4460000e-01   2.9701038e+02
   8.4470000e-01   2.9707909e+02
   8.4480000e-01   2.9715454e+02
   8.4490000e-01   2.9723526e+02
   8.4500000e-01   2.9731971e+02
   8.4510000e-01   2.9740627e+02
   8.4520000e-01   2.9749329e+02
   8.4530000e-01   2.9757906e+02
   8.4540000e-01   2.9766183e+02
   8.4550000e-01   2.9773983e+02
   8.4560000e-01   2.9781123e+02
   8.4570000e-01   2.9787422e+02
   8.4580000e-01   2.9792692e+02
   8.4590000e-01   2.9796744e+02
   8.4600000e-01   2.9799390e+02
   8.4610000e-01   2.9800437e+02
   8.4620000e-01   2.9799693e+02
   8.4630000e-01   2.9796964e+02
   8.4640000e-01   2.9792056e+02
   8.4650000e-01   2.9784775e+02
   8.4660000e-01   2.9193497e+02
   8.4670000e-01   2.8195231e+02
   8.4680000e-01   2.7447505e+02
   8.4690000e-01   2.6811030e+02
   8.4700000e-01   2.6216735e+02
   8.4710000e-01   2.5634246e+02
   8.4720000e-01   2.5048310e+02
   8.4730000e-01   2.4450923e+02
   8.4740000e-01   2.3837770e+02
   8.4750000e-01   2.3206515e+02
   8.4760000e-01   2.2555949e+02
   8.4770000e-01   2.1885535e+02
   8.4780000e-01   2.1197799e+02
   8.4790000e-01   2.0509825e+02
   8.4800000e-01   1.9813322e+02
   8.4810000e-01   1.9104615e+02
   8.4820000e-01   1.8376684e+02
   8.4830000e-01   1.7626828e+02
   8.4840000e-01   1.6853798e+02
   8.4850000e-01   1.6054446e+02
   8.4860000e-01   1.5250036e+02
   8.4870000e-01   1.4398916e+02
   8.4880000e-01   1.3528458e+02
   8.4890000e-01   1.2639877e+02
   8.4900000e-01   1.1729775e+02
   8.4910000e-01   1.0801704e+02
   8.4920000e-01   9.8556266e+01
   8.4930000e-01   8.8906705e+01
   8.4940000e-01   7.9082219e+01
   8.4950000e-01   6.9095008e+01
   8.4960000e-01   5.8956340e+01
   8.4970000e-01   4.8677161e+01
   8.4980000e-01   3.8268362e+01
   8.4990000e-01   2.8443783e+01
   8.5000000e-01   1.8960265e+01
   8.5010000e-01   1.0064690e+01
   8.5020000e-01   7.9216821e-01
   8.5030000e-01  -8.4903098e+00
   8.5040000e-01  -1.7768522e+01
   8.5050000e-01  -2.7099236e+01
   8.5060000e-01  -3.6482513e+01
   8.5070000e-01  -4.5894182e+01
   8.5080000e-01  -5.5305319e+01
   8.5090000e-01  -6.4692723e+01
   8.5100000e-01  -7.4037509e+01
   8.5110000e-01  -8.3323807e+01
   8.5120000e-01  -9.2524324e+01
   8.5130000e-01  -1.0185762e+02
   8.5140000e-01  -1.1124817e+02
   8.5150000e-01  -1.2053922e+02
   8.5160000e-01  -1.2969671e+02
   8.5170000e-01  -1.3868211e+02
   8.5180000e-01  -1.4747020e+02
   8.5190000e-01  -1.5604191e+02
   8.5200000e-01  -1.6438224e+02
   8.5210000e-01  -1.7247927e+02
   8.5220000e-01  -1.8032301e+02
   8.5230000e-01  -1.8790473e+02
   8.5240000e-01  -1.9521652e+02
   8.5250000e-01  -2.0225112e+02
   8.5260000e-01  -2.0900175e+02
   8.5270000e-01  -2.1546207e+02
   8.5280000e-01  -2.2162610e+02
   8.5290000e-01  -2.2748824e+02
   8.5300000e-01  -2.3304320e+02
   8.5310000e-01  -2.3833341e+02
   8.5320000e-01  -2.4433339e+02
   8.5330000e-01  -2.5042578e+02
   8.5340000e-01  -2.5627740e+02
   8.5350000e-01  -2.6179453e+02
   8.5360000e-01  -2.6697223e+02
   8.5370000e-01  -2.7176443e+02
   8.5380000e-01  -2.7623951e+02
   8.5390000e-01  -2.8039403e+02
   8.5400000e-01  -2.8423645e+02
   8.5410000e-01  -2.8777305e+02
   8.5420000e-01  -2.9100792e+02
   8.5430000e-01  -2.9394318e+02
   8.5440000e-01  -2.9657982e+02
   8.5450000e-01  -2.9722686e+02
   8.5460000e-01  -2.9728590e+02
   8.5470000e-01  -2.9735299e+02
   8.5480000e-01  -2.9742679e+02
   8.5490000e-01  -2.9750582e+02
   8.5500000e-01  -2.9758854e+02
   8.5510000e-01  -2.9767335e+02
   8.5520000e-01  -2.9775859e+02
   8.5530000e-01  -2.9784255e+02
   8.5540000e-01  -2.9792348e+02
   8.5550000e-01  -2.9799962e+02
   8.5560000e-01  -2.9806915e+02
   8.5570000e-01  -2.9813022e+02
   8.5580000e-01  -2.9818099e+02
   8.5590000e-01  -2.9821956e+02
   8.5600000e-01  -2.9824405e+02
   8.5610000e-01  -2.9825253e+02
   8.5620000e-01  -2.9824308e+02
   8.5630000e-01  -2.9821377e+02
   8.5640000e-01  -2.9816264e+02
   8.5650000e-01  -2.9808777e+02
   8.5660000e-01  -2.9076492e+02
   8.5670000e-01  -2.8138215e+02
   8.5680000e-01  -2.7422850e+02
   8.5690000e-01  -2.6790746e+02
   8.5700000e-01  -2.6203864e+02
   8.5710000e-01  -2.5625772e+02
   8.5720000e-01  -2.5042627e+02
   8.5730000e-01  -2.4447060e+02
   8.5740000e-01  -2.3835113e+02
   8.5750000e-01  -2.3204671e+02
   8.5760000e-01  -2.2554657e+02
   8.5770000e-01  -2.1884625e+02
   8.5780000e-01  -2.1194505e+02
   8.5790000e-01  -2.0489373e+02
   8.5800000e-01  -1.9775229e+02
   8.5810000e-01  -1.9059230e+02
   8.5820000e-01  -1.8326777e+02
   8.5830000e-01  -1.7574063e+02
   8.5840000e-01  -1.6799171e+02
   8.5850000e-01  -1.5998545e+02
   8.5860000e-01  -1.5193162e+02
   8.5870000e-01  -1.4341128e+02
   8.5880000e-01  -1.3469818e+02
   8.5890000e-01  -1.2580386e+02
   8.5900000e-01  -1.1669422e+02
   8.5910000e-01  -1.0740486e+02
   8.5920000e-01  -9.7935630e+01
   8.5930000e-01  -8.8278147e+01
   8.5940000e-01  -7.8446726e+01
   8.5950000e-01  -6.8454082e+01
   8.5960000e-01  -5.8312066e+01
   8.5970000e-01  -4.8108964e+01
   8.5980000e-01  -3.8646619e+01
   8.5990000e-01  -2.9513023e+01
   8.6000000e-01  -2.0389827e+01
   8.6010000e-01  -6.5802166e+00
   8.6020000e-01  -5.3626280e-01
   8.6030000e-01   1.1688729e+01
   8.6040000e-01   1.8729222e+01
   8.6050000e-01   2.7223599e+01
   8.6060000e-01   3.6351635e+01
   8.6070000e-01   4.5710996e+01
   8.6080000e-01   5.5129643e+01
   8.6090000e-01   6.4550293e+01
   8.6100000e-01   7.3930170e+01
   8.6110000e-01   8.3245842e+01
   8.6120000e-01   9.2476510e+01
   8.6130000e-01   1.0178052e+02
   8.6140000e-01   1.1116747e+02
   8.6150000e-01   1.2045673e+02
   8.6160000e-01   1.2980694e+02
   8.6170000e-01   1.3868647e+02
   8.6180000e-01   1.4736686e+02
   8.6190000e-01   1.5595984e+02
   8.6200000e-01   1.6431832e+02
   8.6210000e-01   1.7241297e+02
   8.6220000e-01   1.8025803e+02
   8.6230000e-01   1.8784318e+02
   8.6240000e-01   1.9515938e+02
   8.6250000e-01   2.0219878e+02
   8.6260000e-01   2.0895424e+02
   8.6270000e-01   2.1541912e+02
   8.6280000e-01   2.2158724e+02
   8.6290000e-01   2.2745270e+02
   8.6300000e-01   2.3288273e+02
   8.6310000e-01   2.3838647e+02
   8.6320000e-01   2.4447508e+02
   8.6330000e-01   2.5056674e+02
   8.6340000e-01   2.5639504e+02
   8.6350000e-01   2.6188487e+02
   8.6360000e-01   2.6702224e+02
   8.6370000e-01   2.7181576e+02
   8.6380000e-01   2.7627887e+02
   8.6390000e-01   2.8042350e+02
   8.6400000e-01   2.8425855e+02
   8.6410000e-01   2.8778991e+02
   8.6420000e-01   2.9102106e+02
   8.6430000e-01   2.9395377e+02
   8.6440000e-01   2.9658861e+02
   8.6450000e-01   2.9748930e+02
   8.6460000e-01   2.9754687e+02
   8.6470000e-01   2.9761245e+02
   8.6480000e-01   2.9768469e+02
   8.6490000e-01   2.9776214e+02
   8.6500000e-01   2.9784324e+02
   8.6510000e-01   2.9792640e+02
   8.6520000e-01   2.9800997e+02
   8.6530000e-01   2.9809223e+02
   8.6540000e-01   2.9817145e+02
   8.6550000e-01   2.9824584e+02
   8.6560000e-01   2.9831360e+02
   8.6570000e-01   2.9837289e+02
   8.6580000e-01   2.9842185e+02
   8.6590000e-01   2.9845860e+02
   8.6600000e-01   2.9848124e+02
   8.6610000e-01   2.9848786e+02
   8.6620000e-01   2.9847654e+02
   8.6630000e-01   2.9844533e+02
   8.6640000e-01   2.9839230e+02
   8.6650000e-01   2.9831551e+02
   8.6660000e-01   2.8890717e+02
   8.6670000e-01   2.8040481e+02
   8.6680000e-01   2.7361432e+02
   8.6690000e-01   2.6758374e+02
   8.6700000e-01   2.6184333e+02
   8.6710000e-01   2.5613497e+02
   8.6720000e-01   2.5034750e+02
   8.6730000e-01   2.4441950e+02
   8.6740000e-01   2.3831796e+02
   8.6750000e-01   2.3202536e+02
   8.6760000e-01   2.2553310e+02
   8.6770000e-01   2.1883800e+02
   8.6780000e-01   2.1196797e+02
   8.6790000e-01   2.0509401e+02
   8.6800000e-01   1.9813247e+02
   8.6810000e-01   1.9104753e+02
   8.6820000e-01   1.8376969e+02
   8.6830000e-01   1.7627234e+02
   8.6840000e-01   1.6854326e+02
   8.6850000e-01   1.6055114e+02
   8.6860000e-01   1.5250873e+02
   8.6870000e-01   1.4399950e+02
   8.6880000e-01   1.3529726e+02
   8.6890000e-01   1.2641410e+02
   8.6900000e-01   1.1731604e+02
   8.6910000e-01   1.0803859e+02
   8.6920000e-01   9.8581295e+01
   8.6930000e-01   8.8935352e+01
   8.6940000e-01   7.9114544e+01
   8.6950000e-01   6.9130977e+01
   8.6960000e-01   5.8995812e+01
   8.6970000e-01   4.8719876e+01
   8.6980000e-01   3.8313933e+01
   8.6990000e-01   2.8429613e+01
   8.7000000e-01   1.8920509e+01
   8.7010000e-01   7.2055246e+00
   8.7020000e-01   1.8117544e-01
   8.7030000e-01  -8.2328850e+00
   8.7040000e-01  -1.7307549e+01
   8.7050000e-01  -2.6666709e+01
   8.7060000e-01  -3.6139667e+01
   8.7070000e-01  -4.5639288e+01
   8.7080000e-01  -5.5122026e+01
   8.7090000e-01  -6.4563419e+01
   8.7100000e-01  -7.3947372e+01
   8.7110000e-01  -8.3261482e+01
   8.7120000e-01  -9.2493588e+01
   8.7130000e-01  -1.0177781e+02
   8.7140000e-01  -1.1127528e+02
   8.7150000e-01  -1.2065085e+02
   8.7160000e-01  -1.2968667e+02
   8.7170000e-01  -1.3864564e+02
   8.7180000e-01  -1.4740947e+02
   8.7190000e-01  -1.5595903e+02
   8.7200000e-01  -1.6429156e+02
   8.7210000e-01  -1.7238772e+02
   8.7220000e-01  -1.8023385e+02
   8.7230000e-01  -1.8781953e+02
   8.7240000e-01  -1.9513603e+02
   8.7250000e-01  -2.0217561e+02
   8.7260000e-01  -2.0893121e+02
   8.7270000e-01  -2.1539621e+02
   8.7280000e-01  -2.2156441e+02
   8.7290000e-01  -2.2742997e+02
   8.7300000e-01  -2.3287500e+02
   8.7310000e-01  -2.3836224e+02
   8.7320000e-01  -2.4450959e+02
   8.7330000e-01  -2.5062351e+02
   8.7340000e-01  -2.5644991e+02
   8.7350000e-01  -2.6192971e+02
   8.7360000e-01  -2.6707304e+02
   8.7370000e-01  -2.7183738e+02
   8.7380000e-01  -2.7629182e+02
   8.7390000e-01  -2.8043144e+02
   8.7400000e-01  -2.8426327e+02
   8.7410000e-01  -2.8779253e+02
   8.7420000e-01  -2.9102223e+02
   8.7430000e-01  -2.9395403e+02
   8.7440000e-01  -2.9658814e+02
   8.7450000e-01  -2.9773887e+02
   8.7460000e-01  -2.9779505e+02
   8.7470000e-01  -2.9785919e+02
   8.7480000e-01  -2.9792994e+02
   8.7490000e-01  -2.9800587e+02
   8.7500000e-01  -2.9808543e+02
   8.7510000e-01  -2.9816702e+02
   8.7520000e-01  -2.9824898e+02
   8.7530000e-01  -2.9832962e+02
   8.7540000e-01  -2.9840718e+02
   8.7550000e-01  -2.9847990e+02
   8.7560000e-01  -2.9854597e+02
   8.7570000e-01  -2.9860354e+02
   8.7580000e-01  -2.9865077e+02
   8.7590000e-01  -2.9868576e+02
   8.7600000e-01  -2.9870663e+02
   8.7610000e-01  -2.9871146e+02
   8.7620000e-01  -2.9869832e+02
   8.7630000e-01  -2.9866529e+02
   8.7640000e-01  -2.9861042e+02
   8.7650000e-01  -2.9853178e+02
   8.7660000e-01  -2.8737124e+02
   8.7670000e-01  -2.7962102e+02
   8.7680000e-01  -2.7317031e+02
   8.7690000e-01  -2.6731842e+02
   8.7700000e-01  -2.6167708e+02
   8.7710000e-01  -2.5602758e+02
   8.7720000e-01  -2.5027621e+02
   8.7730000e-01  -2.4437114e+02
   8.7740000e-01  -2.3828461e+02
   8.7750000e-01  -2.3200199e+02
   8.7760000e-01  -2.2551640e+02
   8.7770000e-01  -2.1882586e+02
   8.7780000e-01  -2.1193248e+02
   8.7790000e-01  -2.0499862e+02
   8.7800000e-01  -1.9804334e+02
   8.7810000e-01  -1.9094883e+02
   8.7820000e-01  -1.8366431e+02
   8.7830000e-01  -1.7616258e+02
   8.7840000e-01  -1.6843053e+02
   8.7850000e-01  -1.6043624e+02
   8.7860000e-01  -1.5239199e+02
   8.7870000e-01  -1.4388088e+02
   8.7880000e-01  -1.3517668e+02
   8.7890000e-01  -1.2629140e+02
   8.7900000e-01  -1.1719102e+02
   8.7910000e-01  -1.0791105e+02
   8.7920000e-01  -9.8451067e+01
   8.7930000e-01  -8.8802337e+01
   8.7940000e-01  -7.8978715e+01
   8.7950000e-01  -6.8992393e+01
   8.7960000e-01  -5.8854641e+01
   8.7970000e-01  -4.8576404e+01
   8.7980000e-01  -3.8168567e+01
   8.7990000e-01  -2.8464416e+01
   8.8000000e-01  -1.9205271e+01
   8.8010000e-01  -4.9420170e+00
   8.8020000e-01   1.4053847e+00
   8.8030000e-01   9.2646215e+00
   8.8040000e-01   1.7999912e+01
   8.8050000e-01   2.7117183e+01
   8.8060000e-01   3.6426661e+01
   8.8070000e-01   4.5826581e+01
   8.8080000e-01   5.5246641e+01
   8.8090000e-01   6.4647340e+01
   8.8100000e-01   7.4004371e+01
   8.8110000e-01   8.3300488e+01
   8.8120000e-01   9.2522806e+01
   8.8130000e-01   1.0181369e+02
   8.8140000e-01   1.1118806e+02
   8.8150000e-01   1.2050139e+02
   8.8160000e-01   1.2960785e+02
   8.8170000e-01   1.3857057e+02
   8.8180000e-01   1.4734982e+02
   8.8190000e-01   1.5591932e+02
   8.8200000e-01   1.6426085e+02
   8.8210000e-01   1.7236097e+02
   8.8220000e-01   1.8020887e+02
   8.8230000e-01   1.8779538e+02
   8.8240000e-01   1.9511229e+02
   8.8250000e-01   2.0215211e+02
   8.8260000e-01   2.0890787e+02
   8.8270000e-01   2.1537299e+02
   8.8280000e-01   2.2154132e+02
   8.8290000e-01   2.2740698e+02
   8.8300000e-01   2.3273298e+02
   8.8310000e-01   2.3823104e+02
   8.8320000e-01   2.4451414e+02
   8.8330000e-01   2.5065454e+02
   8.8340000e-01   2.5648352e+02
   8.8350000e-01   2.6195805e+02
   8.8360000e-01   2.6709473e+02
   8.8370000e-01   2.7185223e+02
   8.8380000e-01   2.7630186e+02
   8.8390000e-01   2.8043780e+02
   8.8400000e-01   2.8426698e+02
   8.8410000e-01   2.8779428e+02
   8.8420000e-01   2.9102265e+02
   8.8430000e-01   2.9395339e+02
   8.8440000e-01   2.9658692e+02
   8.8450000e-01   2.9892290e+02
   8.8460000e-01   2.9941713e+02
   8.8470000e-01   2.9947168e+02
   8.8480000e-01   2.9953331e+02
   8.8490000e-01   2.9960081e+02
   8.8500000e-01   2.9967281e+02
   8.8510000e-01   2.9974782e+02
   8.8520000e-01   2.9982420e+02
   8.8530000e-01   2.9990026e+02
   8.8540000e-01   2.9997417e+02
   8.8550000e-01   3.0004404e+02
   8.8560000e-01   3.0010790e+02
   8.8570000e-01   3.0016372e+02
   8.8580000e-01   3.0020937e+02
   8.8590000e-01   3.0024271e+02
   8.8600000e-01   3.0026148e+02
   8.8610000e-01   3.0026343e+02
   8.8620000e-01   3.0024623e+02
   8.8630000e-01   3.0020750e+02
   8.8640000e-01   2.9644037e+02
   8.8650000e-01   2.8825413e+02
   8.8660000e-01   2.8204061e+02
   8.8670000e-01   2.7659203e+02
   8.8680000e-01   2.7140701e+02
   8.8690000e-01   2.6623989e+02
   8.8700000e-01   2.6098000e+02
   8.8710000e-01   2.5556554e+02
   8.8720000e-01   2.4997047e+02
   8.8730000e-01   2.4416528e+02
   8.8740000e-01   2.3814396e+02
   8.8750000e-01   2.3190472e+02
   8.8760000e-01   2.2544842e+02
   8.8770000e-01   2.1877779e+02
   8.8780000e-01   2.1190807e+02
   8.8790000e-01   2.0503116e+02
   8.8800000e-01   1.9806694e+02
   8.8810000e-01   1.9098008e+02
   8.8820000e-01   1.8370114e+02
   8.8830000e-01   1.7620309e+02
   8.8840000e-01   1.6847372e+02
   8.8850000e-01   1.6048157e+02
   8.8860000e-01   1.5243931e+02
   8.8870000e-01   1.4393030e+02
   8.8880000e-01   1.3522835e+02
   8.8890000e-01   1.2634553e+02
   8.8900000e-01   1.1724783e+02
   8.8910000e-01   1.0797077e+02
   8.8920000e-01   9.8513877e+01
   8.8930000e-01   8.8868350e+01
   8.8940000e-01   7.9047967e+01
   8.8950000e-01   6.9064833e+01
   8.8960000e-01   5.8930107e+01
   8.8970000e-01   4.8654616e+01
   8.8980000e-01   3.8249123e+01
   8.8990000e-01   2.8352528e+01
   8.9000000e-01   1.9007381e+01
   8.9010000e-01   9.9483955e+00
   8.9020000e-01   8.6885076e-01
   8.9030000e-01  -1.0571639e+01
   8.9040000e-01  -1.8718117e+01
   8.9050000e-01  -2.7570192e+01
   8.9060000e-01  -3.6734637e+01
   8.9070000e-01  -4.6030226e+01
   8.9080000e-01  -5.5385490e+01
   8.9090000e-01  -6.4744982e+01
   8.9100000e-01  -7.4075073e+01
   8.9110000e-01  -8.3353195e+01
   8.9120000e-01  -9.2562551e+01
   8.9130000e-01  -1.0195870e+02
   8.9140000e-01  -1.1119417e+02
   8.9150000e-01  -1.2044151e+02
   8.9160000e-01  -1.2957773e+02
   8.9170000e-01  -1.3855271e+02
   8.9180000e-01  -1.4733632e+02
   8.9190000e-01  -1.5590676e+02
   8.9200000e-01  -1.6424776e+02
   8.9210000e-01  -1.7234669e+02
   8.9220000e-01  -1.8019313e+02
   8.9230000e-01  -1.8777808e+02
   8.9240000e-01  -1.9509343e+02
   8.9250000e-01  -2.0213177e+02
   8.9260000e-01  -2.0888617e+02
   8.9270000e-01  -2.1535015e+02
   8.9280000e-01  -2.2151758e+02
   8.9290000e-01  -2.2734868e+02
   8.9300000e-01  -2.3292555e+02
   8.9310000e-01  -2.3849078e+02
   8.9320000e-01  -2.4469288e+02
   8.9330000e-01  -2.5077841e+02
   8.9340000e-01  -2.5657199e+02
   8.9350000e-01  -2.6202253e+02
   8.9360000e-01  -2.6712592e+02
   8.9370000e-01  -2.7189293e+02
   8.9380000e-01  -2.7633632e+02
   8.9390000e-01  -2.8046669e+02
   8.9400000e-01  -2.8429154e+02
   8.9410000e-01  -2.8781563e+02
   8.9420000e-01  -2.9104161e+02
   8.9430000e-01  -2.9397061e+02
   8.9440000e-01  -2.9660277e+02
   8.9450000e-01  -2.9893758e+02
   8.9460000e-01  -3.0097421e+02
   8.9470000e-01  -3.0271165e+02
   8.9480000e-01  -3.0414891e+02
   8.9490000e-01  -3.0528479e+02
   8.9500000e-01  -3.0611899e+02
   8.9510000e-01  -3.0665067e+02
   8.9520000e-01  -3.0687946e+02
   8.9530000e-01  -3.0680526e+02
   8.9540000e-01  -3.0642824e+02
   8.9550000e-01  -3.0574882e+02
   8.9560000e-01  -3.0476771e+02
   8.9570000e-01  -3.0348593e+02
   8.9580000e-01  -3.0190474e+02
   8.9590000e-01  -3.0002530e+02
   8.9600000e-01  -2.9784958e+02
   8.9610000e-01  -2.9537981e+02
   8.9620000e-01  -2.9261846e+02
   8.9630000e-01  -2.8956828e+02
   8.9640000e-01  -2.8623230e+02
   8.9650000e-01  -2.8261383e+02
   8.9660000e-01  -2.7871644e+02
   8.9670000e-01  -2.7454400e+02
   8.9680000e-01  -2.7010063e+02
   8.9690000e-01  -2.6539073e+02
   8.9700000e-01  -2.6041895e+02
   8.9710000e-01  -2.5519023e+02
   8.9720000e-01  -2.4970971e+02
   8.9730000e-01  -2.4398283e+02
   8.9740000e-01  -2.3801525e+02
   8.9750000e-01  -2.3181285e+02
   8.9760000e-01  -2.2538177e+02
   8.9770000e-01  -2.1872837e+02
   8.9780000e-01  -2.1186035e+02
   8.9790000e-01  -2.0496574e+02
   8.9800000e-01  -1.9799771e+02
   8.9810000e-01  -1.9090783e+02
   8.9820000e-01  -1.8362658e+02
   8.9830000e-01  -1.7612707e+02
   8.9840000e-01  -1.6839671e+02
   8.9850000e-01  -1.6040389e+02
   8.9860000e-01  -1.5236136e+02
   8.9870000e-01  -1.4385194e+02
   8.9880000e-01  -1.3514973e+02
   8.9890000e-01  -1.2626679e+02
   8.9900000e-01  -1.1716896e+02
   8.9910000e-01  -1.0789187e+02
   8.9920000e-01  -9.8434941e+01
   8.9930000e-01  -8.8789386e+01
   8.9940000e-01  -7.8968993e+01
   8.9950000e-01  -6.8985865e+01
   8.9960000e-01  -5.8851161e+01
   8.9970000e-01  -4.8575707e+01
   8.9980000e-01  -3.8170268e+01
   8.9990000e-01  -2.8450417e+01
   9.0000000e-01  -1.9182015e+01
   9.0010000e-01  -9.0329544e+00
   9.0020000e-01  -1.5226259e+00
   9.0030000e-01   7.2773433e+00
   9.0040000e-01   1.6632018e+01
   9.0050000e-01   2.6193829e+01
   9.0060000e-01   3.5811405e+01
   9.0070000e-01   4.5412695e+01
   9.0080000e-01   5.4966239e+01
   9.0090000e-01   6.4456657e+01
   9.0100000e-01   7.3874409e+01
   9.0110000e-01   8.3211765e+01
   9.0120000e-01   9.2462074e+01
   9.0130000e-01   1.0185537e+02
   9.0140000e-01   1.1115333e+02
   9.0150000e-01   1.2041040e+02
   9.0160000e-01   1.2955189e+02
   9.0170000e-01   1.3852962e+02
   9.0180000e-01   1.4731417e+02
   9.0190000e-01   1.5588435e+02
   9.0200000e-01   1.6422422e+02
   9.0210000e-01   1.7226959e+02
   9.0220000e-01   1.8023622e+02
   9.0230000e-01   1.8777867e+02
   9.0240000e-01   1.9507915e+02
   9.0250000e-01   2.0211192e+02
   9.0260000e-01   2.0886457e+02
   9.0270000e-01   2.1532830e+02
   9.0280000e-01   2.2149597e+02
   9.0290000e-01   2.2736132e+02
   9.0300000e-01   2.3281311e+02
   9.0310000e-01   2.3851033e+02
   9.0320000e-01   2.4469864e+02
   9.0330000e-01   2.5077606e+02
   9.0340000e-01   2.5656513e+02
   9.0350000e-01   2.6201310e+02
   9.0360000e-01   2.6711503e+02
   9.0370000e-01   2.7188119e+02
   9.0380000e-01   2.7632415e+02
   9.0390000e-01   2.8045431e+02
   9.0400000e-01   2.8427913e+02
   9.0410000e-01   2.8780329e+02
   9.0420000e-01   2.9102941e+02
   9.0430000e-01   2.9395860e+02
   9.0440000e-01   2.9659098e+02
   9.0450000e-01   2.9892605e+02
   9.0460000e-01   2.9967075e+02
   9.0470000e-01   2.9972381e+02
   9.0480000e-01   2.9978385e+02
   9.0490000e-01   2.9984968e+02
   9.0500000e-01   2.9991996e+02
   9.0510000e-01   2.9999316e+02
   9.0520000e-01   3.0006769e+02
   9.0530000e-01   3.0014183e+02
   9.0540000e-01   3.0021377e+02
   9.0550000e-01   3.0028161e+02
   9.0560000e-01   3.0034340e+02
   9.0570000e-01   3.0039708e+02
   9.0580000e-01   3.0044056e+02
   9.0590000e-01   3.0047167e+02
   9.0600000e-01   3.0048818e+02
   9.0610000e-01   3.0048782e+02
   9.0620000e-01   3.0046826e+02
   9.0630000e-01   3.0042714e+02
   9.0640000e-01   2.9538266e+02
   9.0650000e-01   2.8770055e+02
   9.0660000e-01   2.8171318e+02
   9.0670000e-01   2.7638951e+02
   9.0680000e-01   2.7127762e+02
   9.0690000e-01   2.6615528e+02
   9.0700000e-01   2.6092097e+02
   9.0710000e-01   2.5553431e+02
   9.0720000e-01   2.4994783e+02
   9.0730000e-01   2.4414906e+02
   9.0740000e-01   2.3813252e+02
   9.0750000e-01   2.3189674e+02
   9.0760000e-01   2.2544289e+02
   9.0770000e-01   2.1877396e+02
   9.0780000e-01   2.1189425e+02
   9.0790000e-01   2.0479503e+02
   9.0800000e-01   1.9788961e+02
   9.0810000e-01   1.9082941e+02
   9.0820000e-01   1.8356730e+02
   9.0830000e-01   1.7607478e+02
   9.0840000e-01   1.6834673e+02
   9.0850000e-01   1.6035489e+02
   9.0860000e-01   1.5231277e+02
   9.0870000e-01   1.4380355e+02
   9.0880000e-01   1.3510174e+02
   9.0890000e-01   1.2621922e+02
   9.0900000e-01   1.1712197e+02
   9.0910000e-01   1.0784549e+02
   9.0920000e-01   9.8389233e+01
   9.0930000e-01   8.8744387e+01
   9.0940000e-01   7.8924718e+01
   9.0950000e-01   6.8942323e+01
   9.0960000e-01   5.8808356e+01
   9.0970000e-01   4.8533642e+01
   9.0980000e-01   3.8128943e+01
   9.0990000e-01   2.8382118e+01
   9.1000000e-01   1.9265543e+01
   9.1010000e-01   6.8305871e+00
   9.1020000e-01   1.8594824e-01
   9.1030000e-01  -1.4314431e+01
   9.1040000e-01  -2.0208300e+01
   9.1050000e-01  -2.8023870e+01
   9.1060000e-01  -3.6851948e+01
   9.1070000e-01  -4.6026240e+01
   9.1080000e-01  -5.5345152e+01
   9.1090000e-01  -6.4699760e+01
   9.1100000e-01  -7.4035086e+01
   9.1110000e-01  -8.3320480e+01
   9.1120000e-01  -9.2536331e+01
   9.1130000e-01  -1.0199310e+02
   9.1140000e-01  -1.1120205e+02
   9.1150000e-01  -1.2044111e+02
   9.1160000e-01  -1.2956057e+02
   9.1170000e-01  -1.3851604e+02
   9.1180000e-01  -1.4729053e+02
   9.1190000e-01  -1.5585668e+02
   9.1200000e-01  -1.6419547e+02
   9.1210000e-01  -1.7229303e+02
   9.1220000e-01  -1.8013842e+02
   9.1230000e-01  -1.8772237e+02
   9.1240000e-01  -1.9503669e+02
   9.1250000e-01  -2.0207394e+02
   9.1260000e-01  -2.0882718e+02
   9.1270000e-01  -2.1528998e+02
   9.1280000e-01  -2.2145623e+02
   9.1290000e-01  -2.2732024e+02
   9.1300000e-01  -2.3264969e+02
   9.1310000e-01  -2.3854783e+02
   9.1320000e-01  -2.4480364e+02
   9.1330000e-01  -2.5088405e+02
   9.1340000e-01  -2.5665704e+02
   9.1350000e-01  -2.6208555e+02
   9.1360000e-01  -2.6718717e+02
   9.1370000e-01  -2.7191966e+02
   9.1380000e-01  -2.7635109e+02
   9.1390000e-01  -2.8047425e+02
   9.1400000e-01  -2.8429446e+02
   9.1410000e-01  -2.8781555e+02
   9.1420000e-01  -2.9103960e+02
   9.1430000e-01  -2.9396737e+02
   9.1440000e-01  -2.9659873e+02
   9.1450000e-01  -2.9795691e+02
   9.1460000e-01  -2.9801189e+02
   9.1470000e-01  -2.9807479e+02
   9.1480000e-01  -2.9814428e+02
   9.1490000e-01  -2.9821891e+02
   9.1500000e-01  -2.9829715e+02
   9.1510000e-01  -2.9837739e+02
   9.1520000e-01  -2.9845798e+02
   9.1530000e-01  -2.9853722e+02
   9.1540000e-01  -2.9861337e+02
   9.1550000e-01  -2.9868465e+02
   9.1560000e-01  -2.9874926e+02
   9.1570000e-01  -2.9880537e+02
   9.1580000e-01  -2.9885110e+02
   9.1590000e-01  -2.9888459e+02
   9.1600000e-01  -2.9890394e+02
   9.1610000e-01  -2.9890723e+02
   9.1620000e-01  -2.9889255e+02
   9.1630000e-01  -2.9885795e+02
   9.1640000e-01  -2.9880150e+02
   9.1650000e-01  -2.9691478e+02
   9.1660000e-01  -2.8658834e+02
   9.1670000e-01  -2.7912527e+02
   9.1680000e-01  -2.7289843e+02
   9.1690000e-01  -2.6715747e+02
   9.1700000e-01  -2.6151224e+02
   9.1710000e-01  -2.5592028e+02
   9.1720000e-01  -2.5020601e+02
   9.1730000e-01  -2.4433031e+02
   9.1740000e-01  -2.3825992e+02
   9.1750000e-01  -2.3198651e+02
   9.1760000e-01  -2.2550648e+02
   9.1770000e-01  -2.1881937e+02
   9.1780000e-01  -2.1192709e+02
   9.1790000e-01  -2.0483373e+02
   9.1800000e-01  -1.9767888e+02
   9.1810000e-01  -1.9048023e+02
   9.1820000e-01  -1.8313376e+02
   9.1830000e-01  -1.7559462e+02
   9.1840000e-01  -1.6783940e+02
   9.1850000e-01  -1.5983022e+02
   9.1860000e-01  -1.5177562e+02
   9.1870000e-01  -1.4325518e+02
   9.1880000e-01  -1.3454288e+02
   9.1890000e-01  -1.2564985e+02
   9.1900000e-01  -1.1654183e+02
   9.1910000e-01  -1.0725441e+02
   9.1920000e-01  -9.7787304e+01
   9.1930000e-01  -8.8132106e+01
   9.1940000e-01  -7.8303108e+01
   9.1950000e-01  -6.8313015e+01
   9.1960000e-01  -5.8173654e+01
   9.1970000e-01  -4.8540301e+01
   9.1980000e-01  -3.9209406e+01
   9.1990000e-01  -3.0076117e+01
   9.2000000e-01  -2.0747662e+01
   9.2010000e-01  -1.1035740e+01
   9.2020000e-01  -2.0511055e+00
   9.2030000e-01   9.8717388e+00
   9.2040000e-01   1.8088219e+01
   9.2050000e-01   2.7042241e+01
   9.2060000e-01   3.6324851e+01
   9.2070000e-01   4.5736358e+01
   9.2080000e-01   5.5177003e+01
   9.2090000e-01   6.4597320e+01
   9.2100000e-01   7.3970148e+01
   9.2110000e-01   8.3278096e+01
   9.2120000e-01   9.2508113e+01
   9.2130000e-01   1.0195547e+02
   9.2140000e-01   1.1118466e+02
   9.2150000e-01   1.2040678e+02
   9.2160000e-01   1.2953136e+02
   9.2170000e-01   1.3850100e+02
   9.2180000e-01   1.4728202e+02
   9.2190000e-01   1.5585107e+02
   9.2200000e-01   1.6419120e+02
   9.2210000e-01   1.7228952e+02
   9.2220000e-01   1.8013550e+02
   9.2230000e-01   1.8772010e+02
   9.2240000e-01   1.9503524e+02
   9.2250000e-01   2.0207351e+02
   9.2260000e-01   2.0882803e+02
   9.2270000e-01   2.1529185e+02
   9.2280000e-01   2.2152307e+02
   9.2290000e-01   2.2721896e+02
   9.2300000e-01   2.3284976e+02
   9.2310000e-01   2.3855095e+02
   9.2320000e-01   2.4480469e+02
   9.2330000e-01   2.5088603e+02
   9.2340000e-01   2.5665916e+02
   9.2350000e-01   2.6208750e+02
   9.2360000e-01   2.6718888e+02
   9.2370000e-01   2.7192122e+02
   9.2380000e-01   2.7635248e+02
   9.2390000e-01   2.8047556e+02
   9.2400000e-01   2.8429567e+02
   9.2410000e-01   2.8781670e+02
   9.2420000e-01   2.9104069e+02
   9.2430000e-01   2.9396844e+02
   9.2440000e-01   2.9659977e+02
   9.2450000e-01   2.9893410e+02
   9.2460000e-01   3.0097029e+02
   9.2470000e-01   3.0270762e+02
   9.2480000e-01   3.0414483e+02
   9.2490000e-01   3.0528119e+02
   9.2500000e-01   3.0611528e+02
   9.2510000e-01   3.0664698e+02
   9.2520000e-01   3.0687588e+02
   9.2530000e-01   3.0680182e+02
   9.2540000e-01   3.0642496e+02
   9.2550000e-01   3.0574571e+02
   9.2560000e-01   3.0476480e+02
   9.2570000e-01   3.0348321e+02
   9.2580000e-01   3.0190222e+02
   9.2590000e-01   3.0002297e+02
   9.2600000e-01   2.9784745e+02
   9.2610000e-01   2.9537789e+02
   9.2620000e-01   2.9261674e+02
   9.2630000e-01   2.8956677e+02
   9.2640000e-01   2.8623099e+02
   9.2650000e-01   2.8261272e+02
   9.2660000e-01   2.7871554e+02
   9.2670000e-01   2.7454330e+02
   9.2680000e-01   2.7010014e+02
   9.2690000e-01   2.6539044e+02
   9.2700000e-01   2.6041888e+02
   9.2710000e-01   2.5519035e+02
   9.2720000e-01   2.4971004e+02
   9.2730000e-01   2.4398336e+02
   9.2740000e-01   2.3801597e+02
   9.2750000e-01   2.3181377e+02
   9.2760000e-01   2.2538289e+02
   9.2770000e-01   2.1872968e+02
   9.2780000e-01   2.1186071e+02
   9.2790000e-01   2.0479581e+02
   9.2800000e-01   1.9789807e+02
   9.2810000e-01   1.9082819e+02
   9.2820000e-01   1.8355311e+02
   9.2830000e-01   1.7605479e+02
   9.2840000e-01   1.6832395e+02
   9.2850000e-01   1.6033020e+02
   9.2860000e-01   1.5228638e+02
   9.2870000e-01   1.4377545e+02
   9.2880000e-01   1.3516107e+02
   9.2890000e-01   1.2623937e+02
   9.2900000e-01   1.1712593e+02
   9.2910000e-01   1.0781605e+02
   9.2920000e-01   9.8347507e+01
   9.2930000e-01   8.8710731e+01
   9.2940000e-01   7.8895445e+01
   9.2950000e-01   6.8915205e+01
   9.2960000e-01   5.8782092e+01
   9.2970000e-01   4.8507267e+01
   9.2980000e-01   3.8326177e+01
   9.2990000e-01   2.8505871e+01
   9.3000000e-01   1.9343398e+01
   9.3010000e-01   5.8871942e+00
   9.3020000e-01   2.6903022e-01
   9.3030000e-01  -1.1674912e+01
   9.3040000e-01  -1.8668174e+01
   9.3050000e-01  -2.7191531e+01
   9.3060000e-01  -3.6338880e+01
   9.3070000e-01  -4.5709840e+01
   9.3080000e-01  -5.5135965e+01
   9.3090000e-01  -6.4561587e+01
   9.3100000e-01  -7.3944835e+01
   9.3110000e-01  -8.3262801e+01
   9.3120000e-01  -9.2500859e+01
   9.3130000e-01  -1.0187806e+02
   9.3140000e-01  -1.1114592e+02
   9.3150000e-01  -1.2038632e+02
   9.3160000e-01  -1.2950732e+02
   9.3170000e-01  -1.3847536e+02
   9.3180000e-01  -1.4744271e+02
   9.3190000e-01  -1.5591076e+02
   9.3200000e-01  -1.6420490e+02
   9.3210000e-01  -1.7228447e+02
   9.3220000e-01  -1.8012350e+02
   9.3230000e-01  -1.8770619e+02
   9.3240000e-01  -1.9502149e+02
   9.3250000e-01  -2.0206065e+02
   9.3260000e-01  -2.0881616e+02
   9.3270000e-01  -2.1528122e+02
   9.3280000e-01  -2.2144956e+02
   9.3290000e-01  -2.2722337e+02
   9.3300000e-01  -2.3283455e+02
   9.3310000e-01  -2.3865904e+02
   9.3320000e-01  -2.4490892e+02
   9.3330000e-01  -2.5097292e+02
   9.3340000e-01  -2.5672746e+02
   9.3350000e-01  -2.6213996e+02
   9.3360000e-01  -2.6722884e+02
   9.3370000e-01  -2.7195121e+02
   9.3380000e-01  -2.7637572e+02
   9.3390000e-01  -2.8049377e+02
   9.3400000e-01  -2.8431030e+02
   9.3410000e-01  -2.8782865e+02
   9.3420000e-01  -2.9105070e+02
   9.3430000e-01  -2.9397702e+02
   9.3440000e-01  -2.9660727e+02
   9.3450000e-01  -2.9894075e+02
   9.3460000e-01  -3.0097638e+02
   9.3470000e-01  -3.0271312e+02
   9.3480000e-01  -3.0414988e+02
   9.3490000e-01  -3.0528545e+02
   9.3500000e-01  -3.0611932e+02
   9.3510000e-01  -3.0665075e+02
   9.3520000e-01  -3.0687935e+02
   9.3530000e-01  -3.0680500e+02
   9.3540000e-01  -3.0642783e+02
   9.3550000e-01  -3.0574829e+02
   9.3560000e-01  -3.0476708e+02
   9.3570000e-01  -3.0348519e+02
   9.3580000e-01  -3.0190391e+02
   9.3590000e-01  -3.0002437e+02
   9.3600000e-01  -2.9784856e+02
   9.3610000e-01  -2.9537870e+02
   9.3620000e-01  -2.9261727e+02
   9.3630000e-01  -2.8956701e+02
   9.3640000e-01  -2.8623095e+02
   9.3650000e-01  -2.8261241e+02
   9.3660000e-01  -2.7871495e+02
   9.3670000e-01  -2.7454244e+02
   9.3680000e-01  -2.7009900e+02
   9.3690000e-01  -2.6538106e+02
   9.3700000e-01  -2.6041489e+02
   9.3710000e-01  -2.5518922e+02
   9.3720000e-01  -2.4970987e+02
   9.3730000e-01  -2.4398337e+02
   9.3740000e-01  -2.3801585e+02
   9.3750000e-01  -2.3181343e+02
   9.3760000e-01  -2.2538230e+02
   9.3770000e-01  -2.1872884e+02
   9.3780000e-01  -2.1185963e+02
   9.3790000e-01  -2.0478148e+02
   9.3800000e-01  -1.9755608e+02
   9.3810000e-01  -1.9033582e+02
   9.3820000e-01  -1.8297568e+02
   9.3830000e-01  -1.7542833e+02
   9.3840000e-01  -1.6766857e+02
   9.3850000e-01  -1.5965732e+02
   9.3860000e-01  -1.5160232e+02
   9.3870000e-01  -1.4308214e+02
   9.3880000e-01  -1.3437087e+02
   9.3890000e-01  -1.2547936e+02
   9.3900000e-01  -1.1637319e+02
   9.3910000e-01  -1.0708793e+02
   9.3920000e-01  -9.7623174e+01
   9.3930000e-01  -8.7970483e+01
   9.3940000e-01  -7.8144132e+01
   9.3950000e-01  -6.8156812e+01
   9.3960000e-01  -5.8080518e+01
   9.3970000e-01  -4.8573740e+01
   9.3980000e-01  -3.9421105e+01
   9.3990000e-01  -3.0224745e+01
   9.4000000e-01  -2.0926217e+01
   9.4010000e-01  -6.4255191e+00
   9.4020000e-01   3.4422860e-01
   9.4030000e-01   8.6391290e+00
   9.4040000e-01   1.7589182e+01
   9.4050000e-01   2.6846323e+01
   9.4060000e-01   3.6256944e+01
   9.4070000e-01   4.5717510e+01
   9.4080000e-01   5.5174941e+01
   9.4090000e-01   6.4599613e+01
   9.4100000e-01   7.3972273e+01
   9.4110000e-01   8.3278728e+01
   9.4120000e-01   9.2507067e+01
   9.4130000e-01   1.0188441e+02
   9.4140000e-01   1.1106621e+02
   9.4150000e-01   1.2032252e+02
   9.4160000e-01   1.2945833e+02
   9.4170000e-01   1.3843247e+02
   9.4180000e-01   1.4721612e+02
   9.4190000e-01   1.5578726e+02
   9.4200000e-01   1.6412943e+02
   9.4210000e-01   1.7222987e+02
   9.4220000e-01   1.8007804e+02
   9.4230000e-01   1.8766483e+02
   9.4240000e-01   1.9498207e+02
   9.4250000e-01   2.0202225e+02
   9.4260000e-01   2.0877839e+02
   9.4270000e-01   2.1524392e+02
   9.4280000e-01   2.2141267e+02
   9.4290000e-01   2.2724476e+02
   9.4300000e-01   2.3258572e+02
   9.4310000e-01   2.3874036e+02
   9.4320000e-01   2.4496555e+02
   9.4330000e-01   2.5100823e+02
   9.4340000e-01   2.5674703e+02
   9.4350000e-01   2.6214830e+02
   9.4360000e-01   2.6721272e+02
   9.4370000e-01   2.7195074e+02
   9.4380000e-01   2.7637332e+02
   9.4390000e-01   2.8048904e+02
   9.4400000e-01   2.8430372e+02
   9.4410000e-01   2.8782086e+02
   9.4420000e-01   2.9104213e+02
   9.4430000e-01   2.9396798e+02
   9.4440000e-01   2.9659808e+02
   9.4450000e-01   2.9893158e+02
   9.4460000e-01   2.9988676e+02
   9.4470000e-01   2.9993856e+02
   9.4480000e-01   2.9999728e+02
   9.4490000e-01   3.0006173e+02
   9.4500000e-01   3.0013055e+02
   9.4510000e-01   3.0020225e+02
   9.4520000e-01   3.0027522e+02
   9.4530000e-01   3.0034774e+02
   9.4540000e-01   3.0041802e+02
   9.4550000e-01   3.0048416e+02
   9.4560000e-01   3.0054419e+02
   9.4570000e-01   3.0059609e+02
   9.4580000e-01   3.0063773e+02
   9.4590000e-01   3.0066697e+02
   9.4600000e-01   3.0068157e+02
   9.4610000e-01   3.0067926e+02
   9.4620000e-01   3.0065772e+02
   9.4630000e-01   3.0061459e+02
   9.4640000e-01   2.9394588e+02
   9.4650000e-01   2.8705940e+02
   9.4660000e-01   2.8135080e+02
   9.4670000e-01   2.7617780e+02
   9.4680000e-01   2.7114868e+02
   9.4690000e-01   2.6607357e+02
   9.4700000e-01   2.6087063e+02
   9.4710000e-01   2.5550185e+02
   9.4720000e-01   2.4992710e+02
   9.4730000e-01   2.4413620e+02
   9.4740000e-01   2.3812498e+02
   9.4750000e-01   2.3189282e+02
   9.4760000e-01   2.2544143e+02
   9.4770000e-01   2.1877419e+02
   9.4780000e-01   2.1189563e+02
   9.4790000e-01   2.0480833e+02
   9.4800000e-01   1.9788086e+02
   9.4810000e-01   1.9079536e+02
   9.4820000e-01   1.8351194e+02
   9.4830000e-01   1.7600924e+02
   9.4840000e-01   1.6827614e+02
   9.4850000e-01   1.6028138e+02
   9.4860000e-01   1.5223720e+02
   9.4870000e-01   1.4372622e+02
   9.4880000e-01   1.3502257e+02
   9.4890000e-01   1.2613802e+02
   9.4900000e-01   1.1703853e+02
   9.4910000e-01   1.0775958e+02
   9.4920000e-01   9.8300695e+01
   9.4930000e-01   8.8653122e+01
   9.4940000e-01   7.8830705e+01
   9.4950000e-01   6.8845633e+01
   9.4960000e-01   5.8709164e+01
   9.4970000e-01   4.8432240e+01
   9.4980000e-01   3.8103047e+01
   9.4990000e-01   2.8609224e+01
   9.5000000e-01   1.9545691e+01
   9.5010000e-01   1.1641921e+01
   9.5020000e-01   1.6822037e+00
   9.5030000e-01  -1.1428954e+01
   9.5040000e-01  -1.9095217e+01
   9.5050000e-01  -2.7705286e+01
   9.5060000e-01  -3.6765589e+01
   9.5070000e-01  -4.6032925e+01
   9.5080000e-01  -5.5378337e+01
   9.5090000e-01  -6.4734904e+01
   9.5100000e-01  -7.4064637e+01
   9.5110000e-01  -8.3343237e+01
   9.5120000e-01  -9.2553172e+01
   9.5130000e-01  -1.0184372e+02
   9.5140000e-01  -1.1105466e+02
   9.5150000e-01  -1.2029518e+02
   9.5160000e-01  -1.2945205e+02
   9.5170000e-01  -1.3842369e+02
   9.5180000e-01  -1.4720507e+02
   9.5190000e-01  -1.5577437e+02
   9.5200000e-01  -1.6411496e+02
   9.5210000e-01  -1.7221394e+02
   9.5220000e-01  -1.8006073e+02
   9.5230000e-01  -1.8764622e+02
   9.5240000e-01  -1.9496224e+02
   9.5250000e-01  -2.0200133e+02
   9.5260000e-01  -2.0875654e+02
   9.5270000e-01  -2.1522136e+02
   9.5280000e-01  -2.2138967e+02
   9.5290000e-01  -2.2713721e+02
   9.5300000e-01  -2.3277592e+02
   9.5310000e-01  -2.3884270e+02
   9.5320000e-01  -2.4505676e+02
   9.5330000e-01  -2.5108120e+02
   9.5340000e-01  -2.5680350e+02
   9.5350000e-01  -2.6219163e+02
   9.5360000e-01  -2.6726295e+02
   9.5370000e-01  -2.7197355e+02
   9.5380000e-01  -2.7638943e+02
   9.5390000e-01  -2.8050166e+02
   9.5400000e-01  -2.8431432e+02
   9.5410000e-01  -2.8783017e+02
   9.5420000e-01  -2.9105061e+02
   9.5430000e-01  -2.9397590e+02
   9.5440000e-01  -2.9660556e+02
   9.5450000e-01  -2.9816506e+02
   9.5460000e-01  -2.9821889e+02
   9.5470000e-01  -2.9828059e+02
   9.5480000e-01  -2.9834886e+02
   9.5490000e-01  -2.9842224e+02
   9.5500000e-01  -2.9849920e+02
   9.5510000e-01  -2.9857814e+02
   9.5520000e-01  -2.9865741e+02
   9.5530000e-01  -2.9873531e+02
   9.5540000e-01  -2.9881010e+02
   9.5550000e-01  -2.9888001e+02
   9.5560000e-01  -2.9894323e+02
   9.5570000e-01  -2.9899791e+02
   9.5580000e-01  -2.9904222e+02
   9.5590000e-01  -2.9907427e+02
   9.5600000e-01  -2.9909215e+02
   9.5610000e-01  -2.9909397e+02
   9.5620000e-01  -2.9907780e+02
   9.5630000e-01  -2.9904171e+02
   9.5640000e-01  -2.9898375e+02
   9.5650000e-01  -2.9498036e+02
   9.5660000e-01  -2.8557773e+02
   9.5670000e-01  -2.7859191e+02
   9.5680000e-01  -2.7259568e+02
   9.5690000e-01  -2.6698387e+02
   9.5700000e-01  -2.6146376e+02
   9.5710000e-01  -2.5588911e+02
   9.5720000e-01  -2.5018422e+02
   9.5730000e-01  -2.4430888e+02
   9.5740000e-01  -2.3824174e+02
   9.5750000e-01  -2.3197196e+02
   9.5760000e-01  -2.2549501e+02
   9.5770000e-01  -2.1881026e+02
   9.5780000e-01  -2.1191962e+02
   9.5790000e-01  -2.0484879e+02
   9.5800000e-01  -1.9790107e+02
   9.5810000e-01  -1.9080536e+02
   9.5820000e-01  -1.8351705e+02
   9.5830000e-01  -1.7601208e+02
   9.5840000e-01  -1.6827812e+02
   9.5850000e-01  -1.6028333e+02
   9.5860000e-01  -1.5223985e+02
   9.5870000e-01  -1.4372993e+02
   9.5880000e-01  -1.3502778e+02
   9.5890000e-01  -1.2614514e+02
   9.5900000e-01  -1.1704784e+02
   9.5910000e-01  -1.0777140e+02
   9.5920000e-01  -9.8315224e+01
   9.5930000e-01  -8.8670480e+01
   9.5940000e-01  -7.8850933e+01
   9.5950000e-01  -6.8868680e+01
   9.5960000e-01  -5.8734873e+01
   9.5970000e-01  -4.8460336e+01
   9.5980000e-01  -3.8123339e+01
   9.5990000e-01  -2.8568275e+01
   9.6000000e-01  -1.9490745e+01
   9.6010000e-01  -7.8693890e+00
   9.6020000e-01  -6.8615984e-01
   9.6030000e-01   7.8604826e+00
   9.6040000e-01   1.7042068e+01
   9.6050000e-01   2.6483628e+01
   9.6060000e-01   3.6014960e+01
   9.6070000e-01   4.5555392e+01
   9.6080000e-01   5.5066470e+01
   9.6090000e-01   6.4527461e+01
   9.6100000e-01   7.3924925e+01
   9.6110000e-01   8.3248350e+01
   9.6120000e-01   9.2488345e+01
   9.6130000e-01   1.0184814e+02
   9.6140000e-01   1.1109358e+02
   9.6150000e-01   1.2032239e+02
   9.6160000e-01   1.2944866e+02
   9.6170000e-01   1.3841825e+02
   9.6180000e-01   1.4719861e+02
   9.6190000e-01   1.5576671e+02
   9.6200000e-01   1.6410571e+02
   9.6210000e-01   1.7215512e+02
   9.6220000e-01   1.8001770e+02
   9.6230000e-01   1.8763300e+02
   9.6240000e-01   1.9495049e+02
   9.6250000e-01   2.0199024e+02
   9.6260000e-01   2.0874605e+02
   9.6270000e-01   2.1521137e+02
   9.6280000e-01   2.2137997e+02
   9.6290000e-01   2.2704463e+02
   9.6300000e-01   2.3255913e+02
   9.6310000e-01   2.3874579e+02
   9.6320000e-01   2.4502107e+02
   9.6330000e-01   2.5107008e+02
   9.6340000e-01   2.5680097e+02
   9.6350000e-01   2.6219144e+02
   9.6360000e-01   2.6726294e+02
   9.6370000e-01   2.7197283e+02
   9.6380000e-01   2.7638800e+02
   9.6390000e-01   2.8049958e+02
   9.6400000e-01   2.8431171e+02
   9.6410000e-01   2.8782721e+02
   9.6420000e-01   2.9104730e+02
   9.6430000e-01   2.9397227e+02
   9.6440000e-01   2.9660176e+02
   9.6450000e-01   2.9837992e+02
   9.6460000e-01   2.9843258e+02
   9.6470000e-01   2.9849307e+02
   9.6480000e-01   2.9856009e+02
   9.6490000e-01   2.9863219e+02
   9.6500000e-01   2.9870784e+02
   9.6510000e-01   2.9878544e+02
   9.6520000e-01   2.9886335e+02
   9.6530000e-01   2.9893987e+02
   9.6540000e-01   2.9901325e+02
   9.6550000e-01   2.9908173e+02
   9.6560000e-01   2.9914350e+02
   9.6570000e-01   2.9919673e+02
   9.6580000e-01   2.9923955e+02
   9.6590000e-01   2.9927009e+02
   9.6600000e-01   2.9928646e+02
   9.6610000e-01   2.9928675e+02
   9.6620000e-01   2.9926903e+02
   9.6630000e-01   2.9923137e+02
   9.6640000e-01   2.9917183e+02
   9.6650000e-01   2.9398097e+02
   9.6660000e-01   2.8507341e+02
   9.6670000e-01   2.7828495e+02
   9.6680000e-01   2.7240276e+02
   9.6690000e-01   2.6685139e+02
   9.6700000e-01   2.6131339e+02
   9.6710000e-01   2.5580621e+02
   9.6720000e-01   2.5013460e+02
   9.6730000e-01   2.4427777e+02
   9.6740000e-01   2.3822152e+02
   9.6750000e-01   2.3195848e+02
   9.6760000e-01   2.2548586e+02
   9.6770000e-01   2.1880398e+02
   9.6780000e-01   2.1191528e+02
   9.6790000e-01   2.0482376e+02
   9.6800000e-01   1.9762170e+02
   9.6810000e-01   1.9030765e+02
   9.6820000e-01   1.8289680e+02
   9.6830000e-01   1.7533316e+02
   9.6840000e-01   1.6756483e+02
   9.6850000e-01   1.5954934e+02
   9.6860000e-01   1.5149263e+02
   9.6870000e-01   1.4297187e+02
   9.6880000e-01   1.3426106e+02
   9.6890000e-01   1.2537054e+02
   9.6900000e-01   1.1626577e+02
   9.6910000e-01   1.0698222e+02
   9.6920000e-01   9.7519384e+01
   9.6930000e-01   8.7868767e+01
   9.6940000e-01   7.8044611e+01
   9.6950000e-01   6.8059588e+01
   9.6960000e-01   5.8451593e+01
   9.6970000e-01   4.9089450e+01
   9.6980000e-01   3.9785158e+01
   9.6990000e-01   3.0486487e+01
   9.7000000e-01   2.1113226e+01
   9.7010000e-01   7.6774285e+00
   9.7020000e-01   1.1794869e+00
   9.7030000e-01  -8.7985985e+00
   9.7040000e-01  -1.7251899e+01
   9.7050000e-01  -2.6453197e+01
   9.7060000e-01  -3.5907371e+01
   9.7070000e-01  -4.5442997e+01
   9.7080000e-01  -5.4971756e+01
   9.7090000e-01  -6.4453895e+01
   9.7100000e-01  -7.3869758e+01
   9.7110000e-01  -8.3207552e+01
   9.7120000e-01  -9.2458234e+01
   9.7130000e-01  -1.0173630e+02
   9.7140000e-01  -1.1101922e+02
   9.7150000e-01  -1.2026595e+02
   9.7160000e-01  -1.2940010e+02
   9.7170000e-01  -1.3837321e+02
   9.7180000e-01  -1.4715523e+02
   9.7190000e-01  -1.5572421e+02
   9.7200000e-01  -1.6406376e+02
   9.7210000e-01  -1.7216119e+02
   9.7220000e-01  -1.8000605e+02
   9.7230000e-01  -1.8758933e+02
   9.7240000e-01  -1.9490298e+02
   9.7250000e-01  -2.0193964e+02
   9.7260000e-01  -2.0869247e+02
   9.7270000e-01  -2.1515511e+02
   9.7280000e-01  -2.2132156e+02
   9.7290000e-01  -2.2718621e+02
   9.7300000e-01  -2.3277185e+02
   9.7310000e-01  -2.3893055e+02
   9.7320000e-01  -2.4516472e+02
   9.7330000e-01  -2.5117776e+02
   9.7340000e-01  -2.5687954e+02
   9.7350000e-01  -2.6224783e+02
   9.7360000e-01  -2.6730278e+02
   9.7370000e-01  -2.7205194e+02
   9.7380000e-01  -2.7642821e+02
   9.7390000e-01  -2.8052333e+02
   9.7400000e-01  -2.8432695e+02
   9.7410000e-01  -2.8783775e+02
   9.7420000e-01  -2.9105529e+02
   9.7430000e-01  -2.9397885e+02
   9.7440000e-01  -2.9660725e+02
   9.7450000e-01  -2.9893974e+02
   9.7460000e-01  -3.0009785e+02
   9.7470000e-01  -3.0014846e+02
   9.7480000e-01  -3.0020590e+02
   9.7490000e-01  -3.0026900e+02
   9.7500000e-01  -3.0033642e+02
   9.7510000e-01  -3.0040667e+02
   9.7520000e-01  -3.0047814e+02
   9.7530000e-01  -3.0054911e+02
   9.7540000e-01  -3.0061778e+02
   9.7550000e-01  -3.0068227e+02
   9.7560000e-01  -3.0074062e+02
   9.7570000e-01  -3.0079079e+02
   9.7580000e-01  -3.0083067e+02
   9.7590000e-01  -3.0085809e+02
   9.7600000e-01  -3.0087085e+02
   9.7610000e-01  -3.0086667e+02
   9.7620000e-01  -3.0084322e+02
   9.7630000e-01  -3.0079815e+02
   9.7640000e-01  -2.9284726e+02
   9.7650000e-01  -2.8640004e+02
   9.7660000e-01  -2.8099591e+02
   9.7670000e-01  -2.7597316e+02
   9.7680000e-01  -2.7102543e+02
   9.7690000e-01  -2.6600353e+02
   9.7700000e-01  -2.6083234e+02
   9.7710000e-01  -2.5547307e+02
   9.7720000e-01  -2.4990566e+02
   9.7730000e-01  -2.4412028e+02
   9.7740000e-01  -2.3811303e+02
   9.7750000e-01  -2.3188363e+02
   9.7760000e-01  -2.2543411e+02
   9.7770000e-01  -2.1876810e+02
   9.7780000e-01  -2.1189030e+02
   9.7790000e-01  -2.0488265e+02
   9.7800000e-01  -1.9788609e+02
   9.7810000e-01  -1.9076745e+02
   9.7820000e-01  -1.8346917e+02
   9.7830000e-01  -1.7595985e+02
   9.7840000e-01  -1.6822409e+02
   9.7850000e-01  -1.6022862e+02
   9.7860000e-01  -1.5218501e+02
   9.7870000e-01  -1.4367521e+02
   9.7880000e-01  -1.3503832e+02
   9.7890000e-01  -1.2616174e+02
   9.7900000e-01  -1.1703984e+02
   9.7910000e-01  -1.0772620e+02
   9.7920000e-01  -9.8256813e+01
   9.7930000e-01  -8.8620102e+01
   9.7940000e-01  -7.8805196e+01
   9.7950000e-01  -6.8825433e+01
   9.7960000e-01  -5.8692790e+01
   9.7970000e-01  -4.8437572e+01
   9.7980000e-01  -3.8425297e+01
   9.7990000e-01  -2.8830895e+01
   9.8000000e-01  -1.9660636e+01
   9.8010000e-01  -9.1648356e+00
   9.8020000e-01  -6.5587852e-01
   9.8030000e-01   1.2937634e+01
   9.8040000e-01   1.9758755e+01
   9.8050000e-01   2.8019623e+01
   9.8060000e-01   3.6938355e+01
   9.8070000e-01   4.6130695e+01
   9.8080000e-01   5.5425548e+01
   9.8090000e-01   6.4757052e+01
   9.8100000e-01   7.4073955e+01
   9.8110000e-01   8.3345612e+01
   9.8120000e-01   9.2551567e+01
   9.8130000e-01   1.0177294e+02
   9.8140000e-01   1.1104625e+02
   9.8150000e-01   1.2028530e+02
   9.8160000e-01   1.2941275e+02
   9.8170000e-01   1.3837959e+02
   9.8180000e-01   1.4715521e+02
   9.8190000e-01   1.5571718e+02
   9.8200000e-01   1.6404888e+02
   9.8210000e-01   1.7210475e+02
   9.8220000e-01   1.7997336e+02
   9.8230000e-01   1.8756804e+02
   9.8240000e-01   1.9487481e+02
   9.8250000e-01   2.0190870e+02
   9.8260000e-01   2.0866092e+02
   9.8270000e-01   2.1512380e+02
   9.8280000e-01   2.2129070e+02
   9.8290000e-01   2.2715564e+02
   9.8300000e-01   2.3260098e+02
   9.8310000e-01   2.3893848e+02
   9.8320000e-01   2.4520927e+02
   9.8330000e-01   2.5122530e+02
   9.8340000e-01   2.5691863e+02
   9.8350000e-01   2.6227658e+02
   9.8360000e-01   2.6732252e+02
   9.8370000e-01   2.7202783e+02
   9.8380000e-01   2.7642985e+02
   9.8390000e-01   2.8052439e+02
   9.8400000e-01   2.8432643e+02
   9.8410000e-01   2.8783600e+02
   9.8420000e-01   2.9105258e+02
   9.8430000e-01   2.9397511e+02
   9.8440000e-01   2.9660340e+02
   9.8450000e-01   2.9858067e+02
   9.8460000e-01   2.9863217e+02
   9.8470000e-01   2.9869150e+02
   9.8480000e-01   2.9875732e+02
   9.8490000e-01   2.9882819e+02
   9.8500000e-01   2.9890258e+02
   9.8510000e-01   2.9897891e+02
   9.8520000e-01   2.9905552e+02
   9.8530000e-01   2.9913072e+02
   9.8540000e-01   2.9920277e+02
   9.8550000e-01   2.9926990e+02
   9.8560000e-01   2.9933029e+02
   9.8570000e-01   2.9938213e+02
   9.8580000e-01   2.9942355e+02
   9.8590000e-01   2.9945268e+02
   9.8600000e-01   2.9946762e+02
   9.8610000e-01   2.9946646e+02
   9.8620000e-01   2.9944728e+02
   9.8630000e-01   2.9940815e+02
   9.8640000e-01   2.9934713e+02
   9.8650000e-01   2.9268738e+02
   9.8660000e-01   2.8445177e+02
   9.8670000e-01   2.7793235e+02
   9.8680000e-01   2.7219714e+02
   9.8690000e-01   2.6673386e+02
   9.8700000e-01   2.6130233e+02
   9.8710000e-01   2.5578275e+02
   9.8720000e-01   2.5011323e+02
   9.8730000e-01   2.4426119e+02
   9.8740000e-01   2.3820966e+02
   9.8750000e-01   2.3195050e+02
   9.8760000e-01   2.2548085e+02
   9.8770000e-01   2.1880115e+02
   9.8780000e-01   2.1191406e+02
   9.8790000e-01   2.0492399e+02
   9.8800000e-01   1.9786190e+02
   9.8810000e-01   1.9072676e+02
   9.8820000e-01   1.8342883e+02
   9.8830000e-01   1.7591886e+02
   9.8840000e-01   1.6818199e+02
   9.8850000e-01   1.6018537e+02
   9.8860000e-01   1.5214043e+02
   9.8870000e-01   1.4362919e+02
   9.8880000e-01   1.3492565e+02
   9.8890000e-01   1.2604144e+02
   9.8900000e-01   1.1694241e+02
   9.8910000e-01   1.0766404e+02
   9.8920000e-01   9.8205803e+01
   9.8930000e-01   8.8558919e+01
   9.8940000e-01   7.8737228e+01
   9.8950000e-01   6.8752913e+01
   9.8960000e-01   5.8617230e+01
   9.8970000e-01   4.8341119e+01
   9.8980000e-01   3.8606276e+01
   9.8990000e-01   2.9057313e+01
   9.9000000e-01   1.9865901e+01
   9.9010000e-01   5.1707068e+00
   9.9020000e-01  -1.3016421e+00
   9.9030000e-01  -9.3044594e+00
   9.9040000e-01  -1.8075861e+01
   9.9050000e-01  -2.7214225e+01
   9.9060000e-01  -3.6514233e+01
   9.9070000e-01  -4.5895231e+01
   9.9080000e-01  -5.5296794e+01
   9.9090000e-01  -6.4682553e+01
   9.9100000e-01  -7.4028319e+01
   9.9110000e-01  -8.3316201e+01
   9.9120000e-01  -9.2531765e+01
   9.9130000e-01  -1.0164905e+02
   9.9140000e-01  -1.1095302e+02
   9.9150000e-01  -1.2034522e+02
   9.9160000e-01  -1.2939057e+02
   9.9170000e-01  -1.3834965e+02
   9.9180000e-01  -1.4711047e+02
   9.9190000e-01  -1.5565695e+02
   9.9200000e-01  -1.6398683e+02
   9.9210000e-01  -1.7208079e+02
   9.9220000e-01  -1.7992507e+02
   9.9230000e-01  -1.8750911e+02
   9.9240000e-01  -1.9482413e+02
   9.9250000e-01  -2.0186239e+02
   9.9260000e-01  -2.0861685e+02
   9.9270000e-01  -2.1508097e+02
   9.9280000e-01  -2.2124863e+02
   9.9290000e-01  -2.2708009e+02
   9.9300000e-01  -2.3275183e+02
   9.9310000e-01  -2.3907164e+02
   9.9320000e-01  -2.4532239e+02
   9.9330000e-01  -2.5131314e+02
   9.9340000e-01  -2.5698295e+02
   9.9350000e-01  -2.6232202e+02
   9.9360000e-01  -2.6735564e+02
   9.9370000e-01  -2.7207257e+02
   9.9380000e-01  -2.7644245e+02
   9.9390000e-01  -2.8053214e+02
   9.9400000e-01  -2.8433117e+02
   9.9410000e-01  -2.8783842e+02
   9.9420000e-01  -2.9105328e+02
   9.9430000e-01  -2.9397492e+02
   9.9440000e-01  -2.9660218e+02
   9.9450000e-01  -2.9893380e+02
   9.9460000e-01  -3.0030682e+02
   9.9470000e-01  -3.0035621e+02
   9.9480000e-01  -3.0041235e+02
   9.9490000e-01  -3.0047410e+02
   9.9500000e-01  -3.0054010e+02
   9.9510000e-01  -3.0060886e+02
   9.9520000e-01  -3.0067879e+02
   9.9530000e-01  -3.0074817e+02
   9.9540000e-01  -3.0081521e+02
   9.9550000e-01  -3.0087802e+02
   9.9560000e-01  -3.0093464e+02
   9.9570000e-01  -3.0098303e+02
   9.9580000e-01  -3.0102109e+02
   9.9590000e-01  -3.0104666e+02
   9.9600000e-01  -3.0105752e+02
   9.9610000e-01  -3.0105140e+02
   9.9620000e-01  -3.0102598e+02
   9.9630000e-01  -3.0007529e+02
   9.9640000e-01  -2.9197284e+02
   9.9650000e-01  -2.8593732e+02
   9.9660000e-01  -2.8073328e+02
   9.9670000e-01  -2.7581567e+02
   9.9680000e-01  -2.7092641e+02
   9.9690000e-01  -2.6593235e+02
   9.9700000e-01  -2.6069817e+02
   9.9710000e-01  -2.5539148e+02
   9.9720000e-01  -2.4985586e+02
   9.9730000e-01  -2.4409481e+02
   9.9740000e-01  -2.3809992e+02
   9.9750000e-01  -2.3187703e+02
   9.9760000e-01  -2.2543121e+02
   9.9770000e-01  -2.1876746e+02
   9.9780000e-01  -2.1189118e+02
   9.9790000e-01  -2.0480822e+02
   9.9800000e-01  -1.9756504e+02
   9.9810000e-01  -1.9025445e+02
   9.9820000e-01  -1.8282143e+02
   9.9830000e-01  -1.7524558e+02
   9.9840000e-01  -1.6747090e+02
   9.9850000e-01  -1.5945247e+02
   9.9860000e-01  -1.5139474e+02
   9.9870000e-01  -1.4287389e+02
   9.9880000e-01  -1.3416378e+02
   9.9890000e-01  -1.2527431e+02
   9.9900000e-01  -1.1617093e+02
   9.9910000e-01  -1.0688897e+02
   9.9920000e-01  -9.7427891e+01
   9.9930000e-01  -8.7779148e+01
   9.9940000e-01  -7.7956964e+01
   9.9950000e-01  -6.8002666e+01
   9.9960000e-01  -5.8356261e+01
   9.9970000e-01  -4.9146696e+01
   9.9980000e-01  -3.9929728e+01
   9.9990000e-01  -3.0624531e+01
