   7.9990000e-01   2.8004732e+02
   8.0000000e-01   2.7596623e+02
   8.0010000e-01   2.8293524e+02
   8.0020000e-01   2.7183993e+02
   8.0030000e-01   2.6357980e+02
   8.0040000e-01   2.5775020e+02
   8.0050000e-01   2.5200234e+02
   8.0060000e-01   2.4617882e+02
   8.0070000e-01   2.4019888e+02
   8.0080000e-01   2.3401831e+02
   8.0090000e-01   2.2762773e+02
   8.0100000e-01   2.2102522e+02
   8.0110000e-01   2.1421257e+02
   8.0120000e-01   2.0728073e+02
   8.0130000e-01   2.0028188e+02
   8.0140000e-01   1.9320643e+02
   8.0150000e-01   1.8598083e+02
   8.0160000e-01   1.7854895e+02
   8.0170000e-01   1.7089206e+02
   8.0180000e-01   1.6300147e+02
   8.0190000e-01   1.5487580e+02
   8.0200000e-01   1.4651824e+02
   8.0210000e-01   1.3793425e+02
   8.0220000e-01   1.2913077e+02
   8.0230000e-01   1.2011560e+02
   8.0240000e-01   1.1090002e+02
   8.0250000e-01   1.0149137e+02
   8.0260000e-01   9.1898950e+01
   8.0270000e-01   8.2132242e+01
   8.0280000e-01   7.2200997e+01
   8.0290000e-01   6.2115210e+01
   8.0300000e-01   5.1885088e+01
   8.0310000e-01   4.1579248e+01
   8.0320000e-01   3.1883379e+01
   8.0330000e-01   2.2594890e+01
   8.0340000e-01   1.3485651e+01
   8.0350000e-01   4.3249853e+00
   8.0360000e-01  -4.9385620e+00
   8.0370000e-01  -1.4294462e+01
   8.0380000e-01  -2.3715508e+01
   8.0390000e-01  -3.3172875e+01
   8.0400000e-01  -4.2640757e+01
   8.0410000e-01  -5.2097195e+01
   8.0420000e-01  -6.1523645e+01
   8.0430000e-01  -7.0904233e+01
   8.0440000e-01  -8.0226547e+01
   8.0450000e-01  -8.9716123e+01
   8.0460000e-01  -9.9289613e+01
   8.0470000e-01  -1.0879986e+02
   8.0480000e-01  -1.1820548e+02
   8.0490000e-01  -1.2746016e+02
   8.0500000e-01  -1.3653311e+02
   8.0510000e-01  -1.4540285e+02
   8.0520000e-01  -1.5405350e+02
   8.0530000e-01  -1.6247252e+02
   8.0540000e-01  -1.7064938e+02
   8.0550000e-01  -1.7857486e+02
   8.0560000e-01  -1.8624064e+02
   8.0570000e-01  -1.9363899e+02
   8.0580000e-01  -2.0076271e+02
   8.0590000e-01  -2.0760546e+02
   8.0600000e-01  -2.1416121e+02
   8.0610000e-01  -2.2042307e+02
   8.0620000e-01  -2.2638488e+02
   8.0630000e-01  -2.3204102e+02
   8.0640000e-01  -2.3738629e+02
   8.0650000e-01  -2.4241584e+02
   8.0660000e-01  -2.4712517e+02
   8.0670000e-01  -2.5199195e+02
   8.0680000e-01  -2.5778505e+02
   8.0690000e-01  -2.6349618e+02
   8.0700000e-01  -2.6886076e+02
   8.0710000e-01  -2.7381328e+02
   8.0720000e-01  -2.7835401e+02
   8.0730000e-01  -2.8250466e+02
   8.0740000e-01  -2.8628921e+02
   8.0750000e-01  -2.8972768e+02
   8.0760000e-01  -2.9283500e+02
   8.0770000e-01  -2.9562154e+02
   8.0780000e-01  -2.9710423e+02
   8.0790000e-01  -2.9716092e+02
   8.0800000e-01  -2.9722607e+02
   8.0810000e-01  -2.9729840e+02
   8.0820000e-01  -2.9737647e+02
   8.0830000e-01  -2.9745877e+02
   8.0840000e-01  -2.9754370e+02
   8.0850000e-01  -2.9762964e+02
   8.0860000e-01  -2.9771490e+02
   8.0870000e-01  -2.9779771e+02
   8.0880000e-01  -2.9787633e+02
   8.0890000e-01  -2.9794895e+02
   8.0900000e-01  -2.9801375e+02
   8.0910000e-01  -2.9806887e+02
   8.0920000e-01  -2.9811244e+02
   8.0930000e-01  -2.9814256e+02
   8.0940000e-01  -2.9815732e+02
   8.0950000e-01  -2.9815481e+02
   8.0960000e-01  -2.9813308e+02
   8.0970000e-01  -2.9809021e+02
   8.0980000e-01  -2.9802424e+02
   8.0990000e-01  -2.9536716e+02
   8.1000000e-01  -2.8440814e+02
   8.1010000e-01  -2.7468756e+02
   8.1020000e-01  -2.6965253e+02
   8.1030000e-01  -2.6419138e+02
   8.1040000e-01  -2.5851225e+02
   8.1050000e-01  -2.5267596e+02
   8.1060000e-01  -2.4670590e+02
   8.1070000e-01  -2.4059079e+02
   8.1080000e-01  -2.3430219e+02
   8.1090000e-01  -2.2783062e+02
   8.1100000e-01  -2.2116941e+02
   8.1110000e-01  -2.1431501e+02
   8.1120000e-01  -2.0733021e+02
   8.1130000e-01  -2.0031802e+02
   8.1140000e-01  -1.9323794e+02
   8.1150000e-01  -1.8595662e+02
   8.1160000e-01  -1.7850742e+02
   8.1170000e-01  -1.7084327e+02
   8.1180000e-01  -1.6295036e+02
   8.1190000e-01  -1.5482521e+02
   8.1200000e-01  -1.4646986e+02
   8.1210000e-01  -1.3788916e+02
   8.1220000e-01  -1.2908970e+02
   8.1230000e-01  -1.2007918e+02
   8.1240000e-01  -1.1086604e+02
   8.1250000e-01  -1.0145925e+02
   8.1260000e-01  -9.1868146e+01
   8.1270000e-01  -8.2102353e+01
   8.1280000e-01  -7.2171750e+01
   8.1290000e-01  -6.2086420e+01
   8.1300000e-01  -5.1856624e+01
   8.1310000e-01  -4.1669344e+01
   8.1320000e-01  -3.1828457e+01
   8.1330000e-01  -2.2644666e+01
   8.1340000e-01  -1.3564020e+01
   8.1350000e-01  -4.3971798e+00
   8.1360000e-01   4.9604440e+00
   8.1370000e-01   1.4282905e+01
   8.1380000e-01   2.3707078e+01
   8.1390000e-01   3.3169702e+01
   8.1400000e-01   4.2642272e+01
   8.1410000e-01   5.2102449e+01
   8.1420000e-01   6.1531755e+01
   8.1430000e-01   7.0914406e+01
   8.1440000e-01   8.0238955e+01
   8.1450000e-01   8.9670786e+01
   8.1460000e-01   9.9229577e+01
   8.1470000e-01   1.0873090e+02
   8.1480000e-01   1.1813110e+02
   8.1490000e-01   1.2738266e+02
   8.1500000e-01   1.3645381e+02
   8.1510000e-01   1.4532265e+02
   8.1520000e-01   1.5397293e+02
   8.1530000e-01   1.6239190e+02
   8.1540000e-01   1.7056890e+02
   8.1550000e-01   1.7849463e+02
   8.1560000e-01   1.8616071e+02
   8.1570000e-01   1.9355940e+02
   8.1580000e-01   2.0068347e+02
   8.1590000e-01   2.0752658e+02
   8.1600000e-01   2.1408270e+02
   8.1610000e-01   2.2034491e+02
   8.1620000e-01   2.2630706e+02
   8.1630000e-01   2.3196354e+02
   8.1640000e-01   2.3730915e+02
   8.1650000e-01   2.4233903e+02
   8.1660000e-01   2.4704868e+02
   8.1670000e-01   2.5218883e+02
   8.1680000e-01   2.5806273e+02
   8.1690000e-01   2.6379718e+02
   8.1700000e-01   2.6909235e+02
   8.1710000e-01   2.7398607e+02
   8.1720000e-01   2.7848052e+02
   8.1730000e-01   2.8259662e+02
   8.1740000e-01   2.8635615e+02
   8.1750000e-01   2.8977672e+02
   8.1760000e-01   2.9287128e+02
   8.1770000e-01   2.9564884e+02
   8.1780000e-01   2.9811508e+02
   8.1790000e-01   3.0027363e+02
   8.1800000e-01   3.0212660e+02
   8.1810000e-01   3.0367502e+02
   8.1820000e-01   3.0491931e+02
   8.1830000e-01   3.0585966e+02
   8.1840000e-01   3.0649612e+02
   8.1850000e-01   3.0682931e+02
   8.1860000e-01   3.0685981e+02
   8.1870000e-01   3.0658361e+02
   8.1880000e-01   3.0600392e+02
   8.1890000e-01   3.0512351e+02
   8.1900000e-01   3.0393921e+02
   8.1910000e-01   3.0245823e+02
   8.1920000e-01   3.0068045e+02
   8.1930000e-01   2.9860445e+02
   8.1940000e-01   2.9623298e+02
   8.1950000e-01   2.9356881e+02
   8.1960000e-01   2.9061473e+02
   8.1970000e-01   2.8737375e+02
   8.1980000e-01   2.8384911e+02
   8.1990000e-01   2.8004431e+02
   8.2000000e-01   2.7596313e+02
   8.2010000e-01   2.6615332e+02
   8.2020000e-01   2.6446389e+02
   8.2030000e-01   2.6090616e+02
   8.2040000e-01   2.5637190e+02
   8.2050000e-01   2.5126157e+02
   8.2060000e-01   2.4575599e+02
   8.2070000e-01   2.3993926e+02
   8.2080000e-01   2.3385271e+02
   8.2090000e-01   2.2751887e+02
   8.2100000e-01   2.2095188e+02
   8.2110000e-01   2.1416209e+02
   8.2120000e-01   2.0721613e+02
   8.2130000e-01   2.0021578e+02
   8.2140000e-01   1.9305200e+02
   8.2150000e-01   1.8585841e+02
   8.2160000e-01   1.7844011e+02
   8.2170000e-01   1.7078964e+02
   8.2180000e-01   1.6290308e+02
   8.2190000e-01   1.5478101e+02
   8.2200000e-01   1.4642727e+02
   8.2210000e-01   1.3784752e+02
   8.2220000e-01   1.2904868e+02
   8.2230000e-01   1.2003865e+02
   8.2240000e-01   1.1082593e+02
   8.2250000e-01   1.0141953e+02
   8.2260000e-01   9.1828790e+01
   8.2270000e-01   8.2063350e+01
   8.2280000e-01   7.2133085e+01
   8.2290000e-01   6.2048091e+01
   8.2300000e-01   5.1818619e+01
   8.2310000e-01   4.1638590e+01
   8.2320000e-01   3.1879911e+01
   8.2330000e-01   2.2710276e+01
   8.2340000e-01   1.3619707e+01
   8.2350000e-01   4.4388431e+00
   8.2360000e-01  -4.8516540e+00
   8.2370000e-01  -1.4231568e+01
   8.2380000e-01  -2.3671441e+01
   8.2390000e-01  -3.3142720e+01
   8.2400000e-01  -4.2620563e+01
   8.2410000e-01  -5.2083972e+01
   8.2420000e-01  -6.1515294e+01
   8.2430000e-01  -7.0899247e+01
   8.2440000e-01  -8.0222413e+01
   8.2450000e-01  -8.9802061e+01
   8.2460000e-01  -9.9226730e+01
   8.2470000e-01  -1.0867673e+02
   8.2480000e-01  -1.1805284e+02
   8.2490000e-01  -1.2729288e+02
   8.2500000e-01  -1.3635830e+02
   8.2510000e-01  -1.4522436e+02
   8.2520000e-01  -1.5387338e+02
   8.2530000e-01  -1.6229188e+02
   8.2540000e-01  -1.7046886e+02
   8.2550000e-01  -1.7839482e+02
   8.2560000e-01  -1.8606129e+02
   8.2570000e-01  -1.9346047e+02
   8.2580000e-01  -2.0058510e+02
   8.2590000e-01  -2.0742883e+02
   8.2600000e-01  -2.1398561e+02
   8.2610000e-01  -2.2024852e+02
   8.2620000e-01  -2.2621141e+02
   8.2630000e-01  -2.3186866e+02
   8.2640000e-01  -2.3721506e+02
   8.2650000e-01  -2.4224576e+02
   8.2660000e-01  -2.4697024e+02
   8.2670000e-01  -2.5253779e+02
   8.2680000e-01  -2.5837498e+02
   8.2690000e-01  -2.6400235e+02
   8.2700000e-01  -2.6924530e+02
   8.2710000e-01  -2.7409440e+02
   8.2720000e-01  -2.7855446e+02
   8.2730000e-01  -2.8264537e+02
   8.2740000e-01  -2.8638692e+02
   8.2750000e-01  -2.8979495e+02
   8.2760000e-01  -2.9288094e+02
   8.2770000e-01  -2.9565261e+02
   8.2780000e-01  -2.9736728e+02
   8.2790000e-01  -2.9742252e+02
   8.2800000e-01  -2.9748617e+02
   8.2810000e-01  -2.9755696e+02
   8.2820000e-01  -2.9763346e+02
   8.2830000e-01  -2.9771416e+02
   8.2840000e-01  -2.9779746e+02
   8.2850000e-01  -2.9788173e+02
   8.2860000e-01  -2.9796530e+02
   8.2870000e-01  -2.9804639e+02
   8.2880000e-01  -2.9812327e+02
   8.2890000e-01  -2.9819412e+02
   8.2900000e-01  -2.9825713e+02
   8.2910000e-01  -2.9831045e+02
   8.2920000e-01  -2.9835218e+02
   8.2930000e-01  -2.9837234e+02
   8.2940000e-01  -2.9837946e+02
   8.2950000e-01  -2.9837220e+02
   8.2960000e-01  -2.9834870e+02
   8.2970000e-01  -2.9830722e+02
   8.2980000e-01  -2.9824262e+02
   8.2990000e-01  -2.9345240e+02
   8.3000000e-01  -2.8342958e+02
   8.3010000e-01  -2.5632710e+02
   8.3020000e-01  -2.6014388e+02
   8.3030000e-01  -2.5897314e+02
   8.3040000e-01  -2.5550495e+02
   8.3050000e-01  -2.5086527e+02
   8.3060000e-01  -2.4557823e+02
   8.3070000e-01  -2.3986103e+02
   8.3080000e-01  -2.3382083e+02
   8.3090000e-01  -2.2750935e+02
   8.3100000e-01  -2.2095358e+02
   8.3110000e-01  -2.1416973e+02
   8.3120000e-01  -2.0721583e+02
   8.3130000e-01  -2.0021553e+02
   8.3140000e-01  -1.9311454e+02
   8.3150000e-01  -1.8587525e+02
   8.3160000e-01  -1.7843634e+02
   8.3170000e-01  -1.7077619e+02
   8.3180000e-01  -1.6288454e+02
   8.3190000e-01  -1.5475925e+02
   8.3200000e-01  -1.4640305e+02
   8.3210000e-01  -1.3782113e+02
   8.3220000e-01  -1.2902028e+02
   8.3230000e-01  -1.2000834e+02
   8.3240000e-01  -1.1079384e+02
   8.3250000e-01  -1.0138584e+02
   8.3260000e-01  -9.1793763e+01
   8.3270000e-01  -8.2027330e+01
   8.3280000e-01  -7.2096511e+01
   8.3290000e-01  -6.2011484e+01
   8.3300000e-01  -5.1782611e+01
   8.3310000e-01  -4.1754552e+01
   8.3320000e-01  -3.2074027e+01
   8.3330000e-01  -2.2878495e+01
   8.3340000e-01  -1.3750426e+01
   8.3350000e-01  -4.5381918e+00
   8.3360000e-01   4.8561126e+00
   8.3370000e-01   1.4205298e+01
   8.3380000e-01   2.3649151e+01
   8.3390000e-01   3.3125662e+01
   8.3400000e-01   4.2607949e+01
   8.3410000e-01   5.2074845e+01
   8.3420000e-01   6.1508732e+01
   8.3430000e-01   7.0894592e+01
   8.3440000e-01   8.0219169e+01
   8.3450000e-01   8.9470493e+01
   8.3460000e-01   9.8888296e+01
   8.3470000e-01   1.0817866e+02
   8.3480000e-01   1.1746370e+02
   8.3490000e-01   1.2665354e+02
   8.3500000e-01   1.3569163e+02
   8.3510000e-01   1.4454296e+02
   8.3520000e-01   1.5318432e+02
   8.3530000e-01   1.6159909e+02
   8.3540000e-01   1.6977451e+02
   8.3550000e-01   1.7770009e+02
   8.3560000e-01   1.8536678e+02
   8.3570000e-01   1.9276648e+02
   8.3580000e-01   1.9989179e+02
   8.3590000e-01   2.0673630e+02
   8.3600000e-01   2.1329395e+02
   8.3610000e-01   2.1955787e+02
   8.3620000e-01   2.2552199e+02
   8.3630000e-01   2.3118078e+02
   8.3640000e-01   2.3652706e+02
   8.3650000e-01   2.4242569e+02
   8.3660000e-01   2.4853133e+02
   8.3670000e-01   2.5445655e+02
   8.3680000e-01   2.6006682e+02
   8.3690000e-01   2.6533300e+02
   8.3700000e-01   2.7024791e+02
   8.3710000e-01   2.7482361e+02
   8.3720000e-01   2.7906997e+02
   8.3730000e-01   2.8300694e+02
   8.3740000e-01   2.8663967e+02
   8.3750000e-01   2.8997155e+02
   8.3760000e-01   2.9300456e+02
   8.3770000e-01   2.9573954e+02
   8.3780000e-01   2.9817648e+02
   8.3790000e-01   2.9875627e+02
   8.3800000e-01   2.9881628e+02
   8.3810000e-01   2.9888886e+02
   8.3820000e-01   2.9897350e+02
   8.3830000e-01   2.9906924e+02
   8.3840000e-01   2.9917470e+02
   8.3850000e-01   2.9928811e+02
   8.3860000e-01   2.9940759e+02
   8.3870000e-01   2.9953017e+02
   8.3880000e-01   2.9965339e+02
   8.3890000e-01   2.9977413e+02
   8.3900000e-01   2.9988907e+02
   8.3910000e-01   2.9999460e+02
   8.3920000e-01   3.0008681e+02
   8.3930000e-01   3.0016162e+02
   8.3940000e-01   3.0021469e+02
   8.3950000e-01   3.0024149e+02
   8.3960000e-01   3.0023727e+02
   8.3970000e-01   3.0019711e+02
   8.3980000e-01   2.9265686e+02
   8.3990000e-01   2.8503680e+02
   8.4000000e-01   2.7894195e+02
   8.4010000e-01   2.8890085e+02
   8.4020000e-01   2.7489860e+02
   8.4030000e-01   2.6577497e+02
   8.4040000e-01   2.5873814e+02
   8.4050000e-01   2.5247221e+02
   8.4060000e-01   2.4641078e+02
   8.4070000e-01   2.4031395e+02
   8.4080000e-01   2.3407921e+02
   8.4090000e-01   2.2766277e+02
   8.4100000e-01   2.2104733e+02
   8.4110000e-01   2.1422785e+02
   8.4120000e-01   2.0723144e+02
   8.4130000e-01   2.0021518e+02
   8.4140000e-01   1.9308957e+02
   8.4150000e-01   1.8583628e+02
   8.4160000e-01   1.7838943e+02
   8.4170000e-01   1.7072476e+02
   8.4180000e-01   1.6283046e+02
   8.4190000e-01   1.5470367e+02
   8.4200000e-01   1.4634662e+02
   8.4210000e-01   1.3776422e+02
   8.4220000e-01   1.2899839e+02
   8.4230000e-01   1.1994923e+02
   8.4240000e-01   1.1072149e+02
   8.4250000e-01   1.0132337e+02
   8.4260000e-01   9.1736455e+01
   8.4270000e-01   8.1972488e+01
   8.4280000e-01   7.2042778e+01
   8.4290000e-01   6.1958075e+01
   8.4300000e-01   5.1686139e+01
   8.4310000e-01   4.1515989e+01
   8.4320000e-01   3.2101861e+01
   8.4330000e-01   2.2978219e+01
   8.4340000e-01   1.3848451e+01
   8.4350000e-01   4.6160493e+00
   8.4360000e-01  -4.7976537e+00
   8.4370000e-01  -1.4163602e+01
   8.4380000e-01  -2.3620056e+01
   8.4390000e-01  -3.3105953e+01
   8.4400000e-01  -4.2594996e+01
   8.4410000e-01  -5.2066654e+01
   8.4420000e-01  -6.1503888e+01
   8.4430000e-01  -7.0892045e+01
   8.4440000e-01  -8.0218154e+01
   8.4450000e-01  -8.9715885e+01
   8.4460000e-01  -9.9147176e+01
   8.4470000e-01  -1.0860073e+02
   8.4480000e-01  -1.1797724e+02
   8.4490000e-01  -1.2721667e+02
   8.4500000e-01  -1.3628164e+02
   8.4510000e-01  -1.4514742e+02
   8.4520000e-01  -1.5379635e+02
   8.4530000e-01  -1.6221491e+02
   8.4540000e-01  -1.7039205e+02
   8.4550000e-01  -1.7831825e+02
   8.4560000e-01  -1.8598499e+02
   8.4570000e-01  -1.9338447e+02
   8.4580000e-01  -2.0050942e+02
   8.4590000e-01  -2.0735348e+02
   8.4600000e-01  -2.1391059e+02
   8.4610000e-01  -2.2017383e+02
   8.4620000e-01  -2.2613706e+02
   8.4630000e-01  -2.3179465e+02
   8.4640000e-01  -2.3714139e+02
   8.4650000e-01  -2.4217243e+02
   8.4660000e-01  -2.4695317e+02
   8.4670000e-01  -2.5277113e+02
   8.4680000e-01  -2.5865063e+02
   8.4690000e-01  -2.6422438e+02
   8.4700000e-01  -2.6942300e+02
   8.4710000e-01  -2.7422799e+02
   8.4720000e-01  -2.7865237e+02
   8.4730000e-01  -2.8271637e+02
   8.4740000e-01  -2.8643835e+02
   8.4750000e-01  -2.8983246e+02
   8.4760000e-01  -2.9290863e+02
   8.4770000e-01  -2.9567344e+02
   8.4780000e-01  -2.9761515e+02
   8.4790000e-01  -2.9766835e+02
   8.4800000e-01  -2.9773054e+02
   8.4810000e-01  -2.9780078e+02
   8.4820000e-01  -2.9787784e+02
   8.4830000e-01  -2.9796036e+02
   8.4840000e-01  -2.9804685e+02
   8.4850000e-01  -2.9813570e+02
   8.4860000e-01  -2.9822527e+02
   8.4870000e-01  -2.9831362e+02
   8.4880000e-01  -2.9839895e+02
   8.4890000e-01  -2.9847929e+02
   8.4900000e-01  -2.9855263e+02
   8.4910000e-01  -2.9861684e+02
   8.4920000e-01  -2.9866978e+02
   8.4930000e-01  -2.9870921e+02
   8.4940000e-01  -2.9873287e+02
   8.4950000e-01  -2.9873844e+02
   8.4960000e-01  -2.9872355e+02
   8.4970000e-01  -2.9868579e+02
   8.4980000e-01  -2.9862272e+02
   8.4990000e-01  -2.9125685e+02
   8.5000000e-01  -2.8227998e+02
   8.5010000e-01  -2.8945914e+02
   8.5020000e-01  -2.7551281e+02
   8.5030000e-01  -2.6629491e+02
   8.5040000e-01  -2.5913746e+02
   8.5050000e-01  -2.5276541e+02
   8.5060000e-01  -2.4662204e+02
   8.5070000e-01  -2.4046410e+02
   8.5080000e-01  -2.3418525e+02
   8.5090000e-01  -2.2773753e+02
   8.5100000e-01  -2.2110017e+02
   8.5110000e-01  -2.1426542e+02
   8.5120000e-01  -2.0727185e+02
   8.5130000e-01  -2.0025205e+02
   8.5140000e-01  -1.9313540e+02
   8.5150000e-01  -1.8588693e+02
   8.5160000e-01  -1.7844227e+02
   8.5170000e-01  -1.7077834e+02
   8.5180000e-01  -1.6288388e+02
   8.5190000e-01  -1.5475625e+02
   8.5200000e-01  -1.4639781e+02
   8.5210000e-01  -1.3781359e+02
   8.5220000e-01  -1.2901026e+02
   8.5230000e-01  -1.1999564e+02
   8.5240000e-01  -1.1077826e+02
   8.5250000e-01  -1.0136722e+02
   8.5260000e-01  -9.1771986e+01
   8.5270000e-01  -8.2002367e+01
   8.5280000e-01  -7.2068412e+01
   8.5290000e-01  -6.1980397e+01
   8.5300000e-01  -5.1748799e+01
   8.5310000e-01  -4.1523890e+01
   8.5320000e-01  -3.2013495e+01
   8.5330000e-01  -2.2877251e+01
   8.5340000e-01  -1.3763975e+01
   8.5350000e-01  -4.5517432e+00
   8.5360000e-01   4.8446789e+00
   8.5370000e-01   1.4197320e+01
   8.5380000e-01   2.3643460e+01
   8.5390000e-01   3.3122120e+01
   8.5400000e-01   4.2606141e+01
   8.5410000e-01   5.2074296e+01
   8.5420000e-01   6.1509131e+01
   8.5430000e-01   7.0895637e+01
   8.5440000e-01   8.0220699e+01
   8.5450000e-01   8.9579486e+01
   8.5460000e-01   9.9047584e+01
   8.5470000e-01   1.0851553e+02
   8.5480000e-01   1.1789687e+02
   8.5490000e-01   1.2713767e+02
   8.5500000e-01   1.3620297e+02
   8.5510000e-01   1.4506883e+02
   8.5520000e-01   1.5371786e+02
   8.5530000e-01   1.6213663e+02
   8.5540000e-01   1.7031406e+02
   8.5550000e-01   1.7824063e+02
   8.5560000e-01   1.8590779e+02
   8.5570000e-01   1.9330773e+02
   8.5580000e-01   2.0043316e+02
   8.5590000e-01   2.0727773e+02
   8.5600000e-01   2.1383536e+02
   8.5610000e-01   2.2009914e+02
   8.5620000e-01   2.2606291e+02
   8.5630000e-01   2.3172105e+02
   8.5640000e-01   2.3706835e+02
   8.5650000e-01   2.4209996e+02
   8.5660000e-01   2.4701267e+02
   8.5670000e-01   2.5289700e+02
   8.5680000e-01   2.5872692e+02
   8.5690000e-01   2.6435107e+02
   8.5700000e-01   2.6951759e+02
   8.5710000e-01   2.7429683e+02
   8.5720000e-01   2.7870128e+02
   8.5730000e-01   2.8275058e+02
   8.5740000e-01   2.8646205e+02
   8.5750000e-01   2.8984875e+02
   8.5760000e-01   2.9291975e+02
   8.5770000e-01   2.9568098e+02
   8.5780000e-01   2.9813600e+02
   8.5790000e-01   2.9961985e+02
   8.5800000e-01   2.9967283e+02
   8.5810000e-01   2.9973748e+02
   8.5820000e-01   2.9981328e+02
   8.5830000e-01   2.9989934e+02
   8.5840000e-01   2.9999431e+02
   8.5850000e-01   3.0009648e+02
   8.5860000e-01   3.0020398e+02
   8.5870000e-01   3.0031392e+02
   8.5880000e-01   3.0042384e+02
   8.5890000e-01   3.0053066e+02
   8.5900000e-01   3.0063110e+02
   8.5910000e-01   3.0072156e+02
   8.5920000e-01   3.0079818e+02
   8.5930000e-01   3.0085691e+02
   8.5940000e-01   3.0089342e+02
   8.5950000e-01   3.0090323e+02
   8.5960000e-01   3.0088161e+02
   8.5970000e-01   2.9638409e+02
   8.5980000e-01   2.8885830e+02
   8.5990000e-01   2.8298941e+02
   8.6000000e-01   2.7778936e+02
   8.6010000e-01   2.3835186e+02
   8.6020000e-01   2.5212226e+02
   8.6030000e-01   2.5455062e+02
   8.6040000e-01   2.5360862e+02
   8.6050000e-01   2.5006479e+02
   8.6060000e-01   2.4523403e+02
   8.6070000e-01   2.3971225e+02
   8.6080000e-01   2.3376145e+02
   8.6090000e-01   2.2748628e+02
   8.6100000e-01   2.2094442e+02
   8.6110000e-01   2.1416542e+02
   8.6120000e-01   2.0718300e+02
   8.6130000e-01   2.0017570e+02
   8.6140000e-01   1.9305473e+02
   8.6150000e-01   1.8580381e+02
   8.6160000e-01   1.7819131e+02
   8.6170000e-01   1.7062397e+02
   8.6180000e-01   1.6283129e+02
   8.6190000e-01   1.5468420e+02
   8.6200000e-01   1.4631217e+02
   8.6210000e-01   1.3773751e+02
   8.6220000e-01   1.2894154e+02
   8.6230000e-01   1.1993311e+02
   8.6240000e-01   1.1072149e+02
   8.6250000e-01   1.0131598e+02
   8.6260000e-01   9.1726046e+01
   8.6270000e-01   8.1961348e+01
   8.6280000e-01   7.2031763e+01
   8.6290000e-01   6.1947361e+01
   8.6300000e-01   5.1918248e+01
   8.6310000e-01   4.1704650e+01
   8.6320000e-01   3.2214346e+01
   8.6330000e-01   2.3052596e+01
   8.6340000e-01   1.3898850e+01
   8.6350000e-01   4.6514383e+00
   8.6360000e-01  -4.6943842e+00
   8.6370000e-01  -1.4116388e+01
   8.6380000e-01  -2.3586912e+01
   8.6390000e-01  -3.3079989e+01
   8.6400000e-01  -4.2573134e+01
   8.6410000e-01  -5.2047236e+01
   8.6420000e-01  -6.1485948e+01
   8.6430000e-01  -7.0875019e+01
   8.6440000e-01  -8.0201740e+01
   8.6450000e-01  -8.9513165e+01
   8.6460000e-01  -9.8972245e+01
   8.6470000e-01  -1.0843526e+02
   8.6480000e-01  -1.1781292e+02
   8.6490000e-01  -1.2705135e+02
   8.6500000e-01  -1.3611512e+02
   8.6510000e-01  -1.4498018e+02
   8.6520000e-01  -1.5362890e+02
   8.6530000e-01  -1.6204767e+02
   8.6540000e-01  -1.7022531e+02
   8.6550000e-01  -1.7815221e+02
   8.6560000e-01  -1.8581981e+02
   8.6570000e-01  -1.9322026e+02
   8.6580000e-01  -2.0034625e+02
   8.6590000e-01  -2.0719142e+02
   8.6600000e-01  -2.1374969e+02
   8.6610000e-01  -2.2001414e+02
   8.6620000e-01  -2.2597861e+02
   8.6630000e-01  -2.3163748e+02
   8.6640000e-01  -2.3698553e+02
   8.6650000e-01  -2.4201792e+02
   8.6660000e-01  -2.4719593e+02
   8.6670000e-01  -2.5313555e+02
   8.6680000e-01  -2.5899626e+02
   8.6690000e-01  -2.6451992e+02
   8.6700000e-01  -2.6964021e+02
   8.6710000e-01  -2.7438264e+02
   8.6720000e-01  -2.7875885e+02
   8.6730000e-01  -2.8278751e+02
   8.6740000e-01  -2.8648430e+02
   8.6750000e-01  -2.8986074e+02
   8.6760000e-01  -2.9292471e+02
   8.6770000e-01  -2.9568116e+02
   8.6780000e-01  -2.9759593e+02
   8.6790000e-01  -2.9764988e+02
   8.6800000e-01  -2.9771221e+02
   8.6810000e-01  -2.9778164e+02
   8.6820000e-01  -2.9785674e+02
   8.6830000e-01  -2.9793602e+02
   8.6840000e-01  -2.9801787e+02
   8.6850000e-01  -2.9810066e+02
   8.6860000e-01  -2.9818274e+02
   8.6870000e-01  -2.9826232e+02
   8.6880000e-01  -2.9833766e+02
   8.6890000e-01  -2.9840695e+02
   8.6900000e-01  -2.9846838e+02
   8.6910000e-01  -2.9852010e+02
   8.6920000e-01  -2.9856022e+02
   8.6930000e-01  -2.9858686e+02
   8.6940000e-01  -2.9859811e+02
   8.6950000e-01  -2.9859204e+02
   8.6960000e-01  -2.9856673e+02
   8.6970000e-01  -2.9852024e+02
   8.6980000e-01  -2.9845063e+02
   8.6990000e-01  -2.9179584e+02
   8.7000000e-01  -2.8258845e+02
   8.7010000e-01  -2.7800158e+02
   8.7020000e-01  -2.6976799e+02
   8.7030000e-01  -2.6336742e+02
   8.7040000e-01  -2.5755500e+02
   8.7050000e-01  -2.5185829e+02
   8.7060000e-01  -2.4607423e+02
   8.7070000e-01  -2.4012051e+02
   8.7080000e-01  -2.3396366e+02
   8.7090000e-01  -2.2759194e+02
   8.7100000e-01  -2.2100345e+02
   8.7110000e-01  -2.1420091e+02
   8.7120000e-01  -2.0719663e+02
   8.7130000e-01  -2.0017347e+02
   8.7140000e-01  -1.9294054e+02
   8.7150000e-01  -1.8560935e+02
   8.7160000e-01  -1.7826387e+02
   8.7170000e-01  -1.7061739e+02
   8.7180000e-01  -1.6274516e+02
   8.7190000e-01  -1.5464066e+02
   8.7200000e-01  -1.4629463e+02
   8.7210000e-01  -1.3771831e+02
   8.7220000e-01  -1.2892125e+02
   8.7230000e-01  -1.1991238e+02
   8.7240000e-01  -1.1070060e+02
   8.7250000e-01  -1.0129505e+02
   8.7260000e-01  -9.1705119e+01
   8.7270000e-01  -8.1940442e+01
   8.7280000e-01  -7.2010884e+01
   8.7290000e-01  -6.1926513e+01
   8.7300000e-01  -5.1874364e+01
   8.7310000e-01  -4.1747702e+01
   8.7320000e-01  -3.2332800e+01
   8.7330000e-01  -2.3152689e+01
   8.7340000e-01  -1.3973864e+01
   8.7350000e-01  -4.7060044e+00
   8.7360000e-01   4.7335585e+00
   8.7370000e-01   1.4116482e+01
   8.7380000e-01   2.3584761e+01
   8.7390000e-01   3.3078910e+01
   8.7400000e-01   4.2573648e+01
   8.7410000e-01   5.2049234e+01
   8.7420000e-01   6.1489191e+01
   8.7430000e-01   7.0879230e+01
   8.7440000e-01   8.0206630e+01
   8.7450000e-01   8.9470784e+01
   8.7460000e-01   9.8920088e+01
   8.7470000e-01   1.0837955e+02
   8.7480000e-01   1.1775410e+02
   8.7490000e-01   1.2699035e+02
   8.7500000e-01   1.3605265e+02
   8.7510000e-01   1.4491687e+02
   8.7520000e-01   1.5356519e+02
   8.7530000e-01   1.6198383e+02
   8.7540000e-01   1.7016152e+02
   8.7550000e-01   1.7808859e+02
   8.7560000e-01   1.8575641e+02
   8.7570000e-01   1.9315712e+02
   8.7580000e-01   2.0028340e+02
   8.7590000e-01   2.0712886e+02
   8.7600000e-01   2.1368744e+02
   8.7610000e-01   2.1995219e+02
   8.7620000e-01   2.2591697e+02
   8.7630000e-01   2.3157615e+02
   8.7640000e-01   2.3692451e+02
   8.7650000e-01   2.4195720e+02
   8.7660000e-01   2.4732135e+02
   8.7670000e-01   2.5331715e+02
   8.7680000e-01   2.5918100e+02
   8.7690000e-01   2.6467464e+02
   8.7700000e-01   2.6976040e+02
   8.7710000e-01   2.7447216e+02
   8.7720000e-01   2.7882447e+02
   8.7730000e-01   2.8283545e+02
   8.7740000e-01   2.8651945e+02
   8.7750000e-01   2.8988687e+02
   8.7760000e-01   2.9294438e+02
   8.7770000e-01   2.9569631e+02
   8.7780000e-01   2.9799759e+02
   8.7790000e-01   2.9804860e+02
   8.7800000e-01   2.9810851e+02
   8.7810000e-01   2.9817632e+02
   8.7820000e-01   2.9825084e+02
   8.7830000e-01   2.9833072e+02
   8.7840000e-01   2.9841447e+02
   8.7850000e-01   2.9850048e+02
   8.7860000e-01   2.9858712e+02
   8.7870000e-01   2.9867246e+02
   8.7880000e-01   2.9875471e+02
   8.7890000e-01   2.9883188e+02
   8.7900000e-01   2.9890196e+02
   8.7910000e-01   2.9896286e+02
   8.7920000e-01   2.9901241e+02
   8.7930000e-01   2.9904839e+02
   8.7940000e-01   2.9906853e+02
   8.7950000e-01   2.9907052e+02
   8.7960000e-01   2.9905199e+02
   8.7970000e-01   2.9901053e+02
   8.7980000e-01   2.9894371e+02
   8.7990000e-01   2.8878436e+02
   8.8000000e-01   2.8098422e+02
   8.8010000e-01   2.0365245e+02
   8.8020000e-01   2.3822193e+02
   8.8030000e-01   2.5000341e+02
   8.8040000e-01   2.5193165e+02
   8.8050000e-01   2.4953230e+02
   8.8060000e-01   2.4514982e+02
   8.8070000e-01   2.3977920e+02
   8.8080000e-01   2.3385694e+02
   8.8090000e-01   2.2757374e+02
   8.8100000e-01   2.2101489e+02
   8.8110000e-01   2.1421898e+02
   8.8120000e-01   2.0720701e+02
   8.8130000e-01   2.0014723e+02
   8.8140000e-01   1.9299888e+02
   8.8150000e-01   1.8570773e+02
   8.8160000e-01   1.7829215e+02
   8.8170000e-01   1.7064077e+02
   8.8180000e-01   1.6275257e+02
   8.8190000e-01   1.5462936e+02
   8.8200000e-01   1.4627514e+02
   8.8210000e-01   1.3769544e+02
   8.8220000e-01   1.2889705e+02
   8.8230000e-01   1.1988770e+02
   8.8240000e-01   1.1067581e+02
   8.8250000e-01   1.0127030e+02
   8.8260000e-01   9.1680466e+01
   8.8270000e-01   8.1915913e+01
   8.8280000e-01   7.1986488e+01
   8.8290000e-01   6.1902254e+01
   8.8300000e-01   5.2038552e+01
   8.8310000e-01   4.2201579e+01
   8.8320000e-01   3.2536494e+01
   8.8330000e-01   2.3269615e+01
   8.8340000e-01   1.4043817e+01
   8.8350000e-01   4.7495460e+00
   8.8360000e-01  -4.7082451e+00
   8.8370000e-01  -1.4101949e+01
   8.8380000e-01  -2.3578174e+01
   8.8390000e-01  -3.3077398e+01
   8.8400000e-01  -4.2575469e+01
   8.8410000e-01  -5.2053297e+01
   8.8420000e-01  -6.1494742e+01
   8.8430000e-01  -7.0885787e+01
   8.8440000e-01  -8.0213943e+01
   8.8450000e-01  -8.9467769e+01
   8.8460000e-01  -9.8749271e+01
   8.8470000e-01  -1.0808035e+02
   8.8480000e-01  -1.1738441e+02
   8.8490000e-01  -1.2658158e+02
   8.8500000e-01  -1.3562222e+02
   8.8510000e-01  -1.4447448e+02
   8.8520000e-01  -1.5311625e+02
   8.8530000e-01  -1.6153133e+02
   8.8540000e-01  -1.6970707e+02
   8.8550000e-01  -1.7763303e+02
   8.8560000e-01  -1.8530016e+02
   8.8570000e-01  -1.9270034e+02
   8.8580000e-01  -1.9982617e+02
   8.8590000e-01  -2.0667122e+02
   8.8600000e-01  -2.1322945e+02
   8.8610000e-01  -2.1949396e+02
   8.8620000e-01  -2.2545868e+02
   8.8630000e-01  -2.3111810e+02
   8.8640000e-01  -2.3650436e+02
   8.8650000e-01  -2.4261542e+02
   8.8660000e-01  -2.4873163e+02
   8.8670000e-01  -2.5462647e+02
   8.8680000e-01  -2.6019835e+02
   8.8690000e-01  -2.6543029e+02
   8.8700000e-01  -2.7031753e+02
   8.8710000e-01  -2.7487359e+02
   8.8720000e-01  -2.7910570e+02
   8.8730000e-01  -2.8303252e+02
   8.8740000e-01  -2.8665809e+02
   8.8750000e-01  -2.8998498e+02
   8.8760000e-01  -2.9301451e+02
   8.8770000e-01  -2.9574707e+02
   8.8780000e-01  -2.9783202e+02
   8.8790000e-01  -2.9788470e+02
   8.8800000e-01  -2.9794572e+02
   8.8810000e-01  -2.9801382e+02
   8.8820000e-01  -2.9808756e+02
   8.8830000e-01  -2.9816544e+02
   8.8840000e-01  -2.9824588e+02
   8.8850000e-01  -2.9832724e+02
   8.8860000e-01  -2.9840785e+02
   8.8870000e-01  -2.9848595e+02
   8.8880000e-01  -2.9855978e+02
   8.8890000e-01  -2.9862755e+02
   8.8900000e-01  -2.9868744e+02
   8.8910000e-01  -2.9873760e+02
   8.8920000e-01  -2.9877614e+02
   8.8930000e-01  -2.9880118e+02
   8.8940000e-01  -2.9881081e+02
   8.8950000e-01  -2.9880312e+02
   8.8960000e-01  -2.9877617e+02
   8.8970000e-01  -2.9872802e+02
   8.8980000e-01  -2.9865674e+02
   8.8990000e-01  -2.9022103e+02
   8.9000000e-01  -2.8173718e+02
   8.9010000e-01  -2.7505837e+02
   8.9020000e-01  -2.6914159e+02
   8.9030000e-01  -2.6304303e+02
   8.9040000e-01  -2.5779639e+02
   8.9050000e-01  -2.5221700e+02
   8.9060000e-01  -2.4640378e+02
   8.9070000e-01  -2.4038907e+02
   8.9080000e-01  -2.3416642e+02
   8.9090000e-01  -2.2773888e+02
   8.9100000e-01  -2.2110736e+02
   8.9110000e-01  -2.1427312e+02
   8.9120000e-01  -2.0723884e+02
   8.9130000e-01  -2.0005721e+02
   8.9140000e-01  -1.9300185e+02
   8.9150000e-01  -1.8574715e+02
   8.9160000e-01  -1.7829603e+02
   8.9170000e-01  -1.7062786e+02
   8.9180000e-01  -1.6273131e+02
   8.9190000e-01  -1.5460343e+02
   8.9200000e-01  -1.4624610e+02
   8.9210000e-01  -1.3766395e+02
   8.9220000e-01  -1.2886341e+02
   8.9230000e-01  -1.1985207e+02
   8.9240000e-01  -1.1063830e+02
   8.9250000e-01  -1.0123104e+02
   8.9260000e-01  -9.1639637e+01
   8.9270000e-01  -8.1873739e+01
   8.9280000e-01  -7.1943258e+01
   8.9290000e-01  -6.1910646e+01
   8.9300000e-01  -5.1657535e+01
   8.9310000e-01  -4.1829798e+01
   8.9320000e-01  -3.2432174e+01
   8.9330000e-01  -2.3263916e+01
   8.9340000e-01  -1.4065718e+01
   8.9350000e-01  -4.7738379e+00
   8.9360000e-01   4.6084385e+00
   8.9370000e-01   1.4058076e+01
   8.9380000e-01   2.3548759e+01
   8.9390000e-01   3.3056246e+01
   8.9400000e-01   4.2559582e+01
   8.9410000e-01   5.2040864e+01
   8.9420000e-01   6.1484629e+01
   8.9430000e-01   7.0877262e+01
   8.9440000e-01   8.0206509e+01
   8.9450000e-01   8.9461083e+01
   8.9460000e-01   9.8630418e+01
   8.9470000e-01   1.0770449e+02
   8.9480000e-01   1.1667367e+02
   8.9490000e-01   1.2552892e+02
   8.9500000e-01   1.3426054e+02
   8.9510000e-01   1.4286010e+02
   8.9520000e-01   1.5131897e+02
   8.9530000e-01   1.5962869e+02
   8.9540000e-01   1.6778100e+02
   8.9550000e-01   1.7576781e+02
   8.9560000e-01   1.8358122e+02
   8.9570000e-01   1.9121349e+02
   8.9580000e-01   1.9865717e+02
   8.9590000e-01   2.0590645e+02
   8.9600000e-01   2.1295319e+02
   8.9610000e-01   2.1979000e+02
   8.9620000e-01   2.2640994e+02
   8.9630000e-01   2.3280638e+02
   8.9640000e-01   2.3897299e+02
   8.9650000e-01   2.4490366e+02
   8.9660000e-01   2.5059254e+02
   8.9670000e-01   2.5603402e+02
   8.9680000e-01   2.6122273e+02
   8.9690000e-01   2.6615357e+02
   8.9700000e-01   2.7082167e+02
   8.9710000e-01   2.7522243e+02
   8.9720000e-01   2.7935153e+02
   8.9730000e-01   2.8320489e+02
   8.9740000e-01   2.8677872e+02
   8.9750000e-01   2.9006951e+02
   8.9760000e-01   2.9307402e+02
   8.9770000e-01   2.9578929e+02
   8.9780000e-01   2.9806600e+02
   8.9790000e-01   2.9811737e+02
   8.9800000e-01   2.9817704e+02
   8.9810000e-01   2.9824375e+02
   8.9820000e-01   2.9831608e+02
   8.9830000e-01   2.9839251e+02
   8.9840000e-01   2.9847149e+02
   8.9850000e-01   2.9855135e+02
   8.9860000e-01   2.9863046e+02
   8.9870000e-01   2.9870701e+02
   8.9880000e-01   2.9877929e+02
   8.9890000e-01   2.9884549e+02
   8.9900000e-01   2.9890378e+02
   8.9910000e-01   2.9895233e+02
   8.9920000e-01   2.9898924e+02
   8.9930000e-01   2.9901264e+02
   8.9940000e-01   2.9902062e+02
   8.9950000e-01   2.9901125e+02
   8.9960000e-01   2.9898261e+02
   8.9970000e-01   2.9893276e+02
   8.9980000e-01   2.9885977e+02
   8.9990000e-01   2.8887274e+02
   9.0000000e-01   2.8103061e+02
   9.0010000e-01   2.7885141e+02
   9.0020000e-01   2.6955343e+02
   9.0030000e-01   2.6288229e+02
   9.0040000e-01   2.5707835e+02
   9.0050000e-01   2.5146827e+02
   9.0060000e-01   2.4577840e+02
   9.0070000e-01   2.3990442e+02
   9.0080000e-01   2.3380883e+02
   9.0090000e-01   2.2748196e+02
   9.0100000e-01   2.2092539e+02
   9.0110000e-01   2.1414516e+02
   9.0120000e-01   2.0715001e+02
   9.0130000e-01   2.0003342e+02
   9.0140000e-01   1.9296124e+02
   9.0150000e-01   1.8572148e+02
   9.0160000e-01   1.7827880e+02
   9.0170000e-01   1.7061480e+02
   9.0180000e-01   1.6271988e+02
   9.0190000e-01   1.5459198e+02
   9.0200000e-01   1.4623356e+02
   9.0210000e-01   1.3770382e+02
   9.0220000e-01   1.2876850e+02
   9.0230000e-01   1.1980544e+02
   9.0240000e-01   1.1060992e+02
   9.0250000e-01   1.0121097e+02
   9.0260000e-01   9.1623614e+01
   9.0270000e-01   8.1859838e+01
   9.0280000e-01   7.1930489e+01
   9.0290000e-01   6.1846053e+01
   9.0300000e-01   5.1782117e+01
   9.0310000e-01   4.1784884e+01
   9.0320000e-01   3.2415232e+01
   9.0330000e-01   2.3257816e+01
   9.0340000e-01   1.4062949e+01
   9.0350000e-01   4.7716599e+00
   9.0360000e-01  -4.6109117e+00
   9.0370000e-01  -1.4061037e+01
   9.0380000e-01  -2.3552162e+01
   9.0390000e-01  -3.3059995e+01
   9.0400000e-01  -4.2563576e+01
   9.0410000e-01  -5.2045021e+01
   9.0420000e-01  -6.1488891e+01
   9.0430000e-01  -7.0881584e+01
   9.0440000e-01  -8.0210856e+01
   9.0450000e-01  -8.9465435e+01
   9.0460000e-01  -9.8660286e+01
   9.0470000e-01  -1.0800276e+02
   9.0480000e-01  -1.1731253e+02
   9.0490000e-01  -1.2651096e+02
   9.0500000e-01  -1.3555131e+02
   9.0510000e-01  -1.4440312e+02
   9.0520000e-01  -1.5304460e+02
   9.0530000e-01  -1.6145961e+02
   9.0540000e-01  -1.6963546e+02
   9.0550000e-01  -1.7756167e+02
   9.0560000e-01  -1.8522914e+02
   9.0570000e-01  -1.9262973e+02
   9.0580000e-01  -1.9975601e+02
   9.0590000e-01  -2.0660157e+02
   9.0600000e-01  -2.1316031e+02
   9.0610000e-01  -2.1942537e+02
   9.0620000e-01  -2.2539067e+02
   9.0630000e-01  -2.3105067e+02
   9.0640000e-01  -2.3642154e+02
   9.0650000e-01  -2.4268549e+02
   9.0660000e-01  -2.4884828e+02
   9.0670000e-01  -2.5473689e+02
   9.0680000e-01  -2.6028733e+02
   9.0690000e-01  -2.6549704e+02
   9.0700000e-01  -2.7036838e+02
   9.0710000e-01  -2.7490261e+02
   9.0720000e-01  -2.7912721e+02
   9.0730000e-01  -2.8304804e+02
   9.0740000e-01  -2.8666902e+02
   9.0750000e-01  -2.8999254e+02
   9.0760000e-01  -2.9301968e+02
   9.0770000e-01  -2.9575055e+02
   9.0780000e-01  -2.9818464e+02
   9.0790000e-01  -2.9833422e+02
   9.0800000e-01  -2.9839271e+02
   9.0810000e-01  -2.9845818e+02
   9.0820000e-01  -2.9852924e+02
   9.0830000e-01  -2.9860438e+02
   9.0840000e-01  -2.9868201e+02
   9.0850000e-01  -2.9876052e+02
   9.0860000e-01  -2.9883824e+02
   9.0870000e-01  -2.9891339e+02
   9.0880000e-01  -2.9898424e+02
   9.0890000e-01  -2.9904898e+02
   9.0900000e-01  -2.9910581e+02
   9.0910000e-01  -2.9915287e+02
   9.0920000e-01  -2.9918827e+02
   9.0930000e-01  -2.9921015e+02
   9.0940000e-01  -2.9921658e+02
   9.0950000e-01  -2.9920566e+02
   9.0960000e-01  -2.9917544e+02
   9.0970000e-01  -2.9912401e+02
   9.0980000e-01  -2.9805193e+02
   9.0990000e-01  -2.8781631e+02
   9.1000000e-01  -2.8046118e+02
   9.1010000e-01  -2.6133419e+02
   9.1020000e-01  -2.6244808e+02
   9.1030000e-01  -2.5884079e+02
   9.1040000e-01  -2.5580799e+02
   9.1050000e-01  -2.5129745e+02
   9.1060000e-01  -2.4593545e+02
   9.1070000e-01  -2.4013716e+02
   9.1080000e-01  -2.3402311e+02
   9.1090000e-01  -2.2765298e+02
   9.1100000e-01  -2.2105357e+02
   9.1110000e-01  -2.1423828e+02
   9.1120000e-01  -2.0721550e+02
   9.1130000e-01  -1.9996170e+02
   9.1140000e-01  -1.9291951e+02
   9.1150000e-01  -1.8566487e+02
   9.1160000e-01  -1.7822648e+02
   9.1170000e-01  -1.7057284e+02
   9.1180000e-01  -1.6268238e+02
   9.1190000e-01  -1.5455682e+02
   9.1200000e-01  -1.4620020e+02
   9.1210000e-01  -1.3761804e+02
   9.1220000e-01  -1.2881709e+02
   9.1230000e-01  -1.1980511e+02
   9.1240000e-01  -1.1059054e+02
   9.1250000e-01  -1.0118235e+02
   9.1260000e-01  -9.1589916e+01
   9.1270000e-01  -8.1822944e+01
   9.1280000e-01  -7.1891385e+01
   9.1290000e-01  -6.1805421e+01
   9.1300000e-01  -5.1936047e+01
   9.1310000e-01  -4.1962871e+01
   9.1320000e-01  -3.2584730e+01
   9.1330000e-01  -2.3396296e+01
   9.1340000e-01  -1.4168473e+01
   9.1350000e-01  -4.8503122e+00
   9.1360000e-01   4.6311473e+00
   9.1370000e-01   1.4045135e+01
   9.1380000e-01   2.3536564e+01
   9.1390000e-01   3.3047170e+01
   9.1400000e-01   4.2553474e+01
   9.1410000e-01   5.2037133e+01
   9.1420000e-01   6.1482656e+01
   9.1430000e-01   7.0876533e+01
   9.1440000e-01   8.0206590e+01
   9.1450000e-01   8.9458238e+01
   9.1460000e-01   9.8886925e+01
   9.1470000e-01   1.0833732e+02
   9.1480000e-01   1.1770651e+02
   9.1490000e-01   1.2693950e+02
   9.1500000e-01   1.3600006e+02
   9.1510000e-01   1.4486331e+02
   9.1520000e-01   1.5351112e+02
   9.1530000e-01   1.6192953e+02
   9.1540000e-01   1.7010714e+02
   9.1550000e-01   1.7803423e+02
   9.1560000e-01   1.8570213e+02
   9.1570000e-01   1.9310295e+02
   9.1580000e-01   2.0022936e+02
   9.1590000e-01   2.0707497e+02
   9.1600000e-01   2.1363369e+02
   9.1610000e-01   2.1989859e+02
   9.1620000e-01   2.2586352e+02
   9.1630000e-01   2.3152285e+02
   9.1640000e-01   2.3687137e+02
   9.1650000e-01   2.4190730e+02
   9.1660000e-01   2.4762182e+02
   9.1670000e-01   2.5358809e+02
   9.1680000e-01   2.5935865e+02
   9.1690000e-01   2.6479728e+02
   9.1700000e-01   2.6990243e+02
   9.1710000e-01   2.7456911e+02
   9.1720000e-01   2.7889021e+02
   9.1730000e-01   2.8287661e+02
   9.1740000e-01   2.8654641e+02
   9.1750000e-01   2.8990521e+02
   9.1760000e-01   2.9295735e+02
   9.1770000e-01   2.9570574e+02
   9.1780000e-01   2.9815206e+02
   9.1790000e-01   3.0018879e+02
   9.1800000e-01   3.0023760e+02
   9.1810000e-01   3.0029734e+02
   9.1820000e-01   3.0036762e+02
   9.1830000e-01   3.0044758e+02
   9.1840000e-01   3.0053593e+02
   9.1850000e-01   3.0063095e+02
   9.1860000e-01   3.0073080e+02
   9.1870000e-01   3.0083265e+02
   9.1880000e-01   3.0093404e+02
   9.1890000e-01   3.0103191e+02
   9.1900000e-01   3.0112299e+02
   9.1910000e-01   3.0120373e+02
   9.1920000e-01   3.0127026e+02
   9.1930000e-01   3.0131855e+02
   9.1940000e-01   3.0134433e+02
   9.1950000e-01   3.0134309e+02
   9.1960000e-01   3.0131015e+02
   9.1970000e-01   2.9381657e+02
   9.1980000e-01   2.8755292e+02
   9.1990000e-01   2.8231896e+02
   9.2000000e-01   2.7736949e+02
   9.2010000e-01   2.8767994e+02
   9.2020000e-01   2.7383520e+02
   9.2030000e-01   2.6444308e+02
   9.2040000e-01   2.5805093e+02
   9.2050000e-01   2.5210198e+02
   9.2060000e-01   2.4620130e+02
   9.2070000e-01   2.4018950e+02
   9.2080000e-01   2.3400251e+02
   9.2090000e-01   2.2761454e+02
   9.2100000e-01   2.2101684e+02
   9.2110000e-01   2.1420890e+02
   9.2120000e-01   2.0719380e+02
   9.2130000e-01   1.9996667e+02
   9.2140000e-01   1.9291686e+02
   9.2150000e-01   1.8568475e+02
   9.2160000e-01   1.7824362e+02
   9.2170000e-01   1.7057965e+02
   9.2180000e-01   1.6268481e+02
   9.2190000e-01   1.5455759e+02
   9.2200000e-01   1.4620048e+02
   9.2210000e-01   1.3761840e+02
   9.2220000e-01   1.2881788e+02
   9.2230000e-01   1.1980659e+02
   9.2240000e-01   1.1059296e+02
   9.2250000e-01   1.0118597e+02
   9.2260000e-01   9.1594995e+01
   9.2270000e-01   8.1830337e+01
   9.2280000e-01   7.1800792e+01
   9.2290000e-01   6.1968050e+01
   9.2300000e-01   5.1641383e+01
   9.2310000e-01   4.1928574e+01
   9.2320000e-01   3.2579538e+01
   9.2330000e-01   2.3398524e+01
   9.2340000e-01   1.4173330e+01
   9.2350000e-01   4.8560948e+00
   9.2360000e-01  -4.6250040e+00
   9.2370000e-01  -1.4038941e+01
   9.2380000e-01  -2.3530337e+01
   9.2390000e-01  -3.3040921e+01
   9.2400000e-01  -4.2547181e+01
   9.2410000e-01  -5.2030792e+01
   9.2420000e-01  -6.1476282e+01
   9.2430000e-01  -7.0870108e+01
   9.2440000e-01  -8.0200180e+01
   9.2450000e-01  -8.9455309e+01
   9.2460000e-01  -9.8624996e+01
   9.2470000e-01  -1.0769934e+02
   9.2480000e-01  -1.1666867e+02
   9.2490000e-01  -1.2552383e+02
   9.2500000e-01  -1.3425557e+02
   9.2510000e-01  -1.4285520e+02
   9.2520000e-01  -1.5131410e+02
   9.2530000e-01  -1.5962384e+02
   9.2540000e-01  -1.6777615e+02
   9.2550000e-01  -1.7576296e+02
   9.2560000e-01  -1.8357637e+02
   9.2570000e-01  -1.9120865e+02
   9.2580000e-01  -1.9865234e+02
   9.2590000e-01  -2.0590163e+02
   9.2600000e-01  -2.1294840e+02
   9.2610000e-01  -2.1978524e+02
   9.2620000e-01  -2.2640520e+02
   9.2630000e-01  -2.3280169e+02
   9.2640000e-01  -2.3896834e+02
   9.2650000e-01  -2.4489906e+02
   9.2660000e-01  -2.5058800e+02
   9.2670000e-01  -2.5602954e+02
   9.2680000e-01  -2.6121832e+02
   9.2690000e-01  -2.6614924e+02
   9.2700000e-01  -2.7081742e+02
   9.2710000e-01  -2.7521827e+02
   9.2720000e-01  -2.7934746e+02
   9.2730000e-01  -2.8320092e+02
   9.2740000e-01  -2.8677486e+02
   9.2750000e-01  -2.9006575e+02
   9.2760000e-01  -2.9307037e+02
   9.2770000e-01  -2.9578576e+02
   9.2780000e-01  -2.9820925e+02
   9.2790000e-01  -2.9837903e+02
   9.2800000e-01  -2.9843697e+02
   9.2810000e-01  -2.9850271e+02
   9.2820000e-01  -2.9857507e+02
   9.2830000e-01  -2.9865270e+02
   9.2840000e-01  -2.9873412e+02
   9.2850000e-01  -2.9881772e+02
   9.2860000e-01  -2.9890188e+02
   9.2870000e-01  -2.9898467e+02
   9.2880000e-01  -2.9905635e+02
   9.2890000e-01  -2.9911587e+02
   9.2900000e-01  -2.9916701e+02
   9.2910000e-01  -2.9920854e+02
   9.2920000e-01  -2.9923913e+02
   9.2930000e-01  -2.9925736e+02
   9.2940000e-01  -2.9926176e+02
   9.2950000e-01  -2.9925082e+02
   9.2960000e-01  -2.9922301e+02
   9.2970000e-01  -2.9917681e+02
   9.2980000e-01  -2.9760110e+02
   9.2990000e-01  -2.8758537e+02
   9.3000000e-01  -2.8033714e+02
   9.3010000e-01  -2.5241679e+02
   9.3020000e-01  -2.5811191e+02
   9.3030000e-01  -2.5710805e+02
   9.3040000e-01  -2.5471851e+02
   9.3050000e-01  -2.5053850e+02
   9.3060000e-01  -2.4543439e+02
   9.3070000e-01  -2.3979745e+02
   9.3080000e-01  -2.3379896e+02
   9.3090000e-01  -2.2750429e+02
   9.3100000e-01  -2.2095515e+02
   9.3110000e-01  -2.1417394e+02
   9.3120000e-01  -2.0717412e+02
   9.3130000e-01  -1.9999136e+02
   9.3140000e-01  -1.9289699e+02
   9.3150000e-01  -1.8564764e+02
   9.3160000e-01  -1.7820800e+02
   9.3170000e-01  -1.7054510e+02
   9.3180000e-01  -1.6247723e+02
   9.3190000e-01  -1.5444856e+02
   9.3200000e-01  -1.4613791e+02
   9.3210000e-01  -1.3757680e+02
   9.3220000e-01  -1.2878636e+02
   9.3230000e-01  -1.1978049e+02
   9.3240000e-01  -1.1057022e+02
   9.3250000e-01  -1.0116556e+02
   9.3260000e-01  -9.1576261e+01
   9.3270000e-01  -8.1812124e+01
   9.3280000e-01  -7.1883074e+01
   9.3290000e-01  -6.1940181e+01
   9.3300000e-01  -5.1651050e+01
   9.3310000e-01  -4.1943053e+01
   9.3320000e-01  -3.2643128e+01
   9.3330000e-01  -2.3465510e+01
   9.3340000e-01  -1.4230070e+01
   9.3350000e-01  -4.9004518e+00
   9.3360000e-01   4.5930375e+00
   9.3370000e-01   1.4016852e+01
   9.3380000e-01   2.3516559e+01
   9.3390000e-01   3.3032801e+01
   9.3400000e-01   4.2542937e+01
   9.3410000e-01   5.2029232e+01
   9.3420000e-01   6.1476600e+01
   9.3430000e-01   7.0871813e+01
   9.3440000e-01   8.0202869e+01
   9.3450000e-01   8.9458708e+01
   9.3460000e-01   9.8628986e+01
   9.3470000e-01   1.0770373e+02
   9.3480000e-01   1.1667336e+02
   9.3490000e-01   1.2552922e+02
   9.3500000e-01   1.3426098e+02
   9.3510000e-01   1.4286070e+02
   9.3520000e-01   1.5131971e+02
   9.3530000e-01   1.5962956e+02
   9.3540000e-01   1.6778198e+02
   9.3550000e-01   1.7576890e+02
   9.3560000e-01   1.8358239e+02
   9.3570000e-01   1.9121476e+02
   9.3580000e-01   1.9865852e+02
   9.3590000e-01   2.0590787e+02
   9.3600000e-01   2.1295469e+02
   9.3610000e-01   2.1979157e+02
   9.3620000e-01   2.2641158e+02
   9.3630000e-01   2.3280809e+02
   9.3640000e-01   2.3897476e+02
   9.3650000e-01   2.4490549e+02
   9.3660000e-01   2.5059443e+02
   9.3670000e-01   2.5603596e+02
   9.3680000e-01   2.6122473e+02
   9.3690000e-01   2.6616359e+02
   9.3700000e-01   2.7082601e+02
   9.3710000e-01   2.7522376e+02
   9.3720000e-01   2.7935171e+02
   9.3730000e-01   2.8320469e+02
   9.3740000e-01   2.8677844e+02
   9.3750000e-01   2.9006925e+02
   9.3760000e-01   2.9307380e+02
   9.3770000e-01   2.9578911e+02
   9.3780000e-01   2.9821250e+02
   9.3790000e-01   3.0034161e+02
   9.3800000e-01   3.0081547e+02
   9.3810000e-01   3.0087035e+02
   9.3820000e-01   3.0093517e+02
   9.3830000e-01   3.0100909e+02
   9.3840000e-01   3.0109085e+02
   9.3850000e-01   3.0117879e+02
   9.3860000e-01   3.0127105e+02
   9.3870000e-01   3.0136486e+02
   9.3880000e-01   3.0145777e+02
   9.3890000e-01   3.0154674e+02
   9.3900000e-01   3.0162852e+02
   9.3910000e-01   3.0169957e+02
   9.3920000e-01   3.0175605e+02
   9.3930000e-01   3.0179395e+02
   9.3940000e-01   3.0180902e+02
   9.3950000e-01   3.0179677e+02
   9.3960000e-01   2.9831318e+02
   9.3970000e-01   2.9162310e+02
   9.3980000e-01   2.8635675e+02
   9.3990000e-01   2.8159340e+02
   9.4000000e-01   2.7695528e+02
   9.4010000e-01   2.3477780e+02
   9.4020000e-01   2.5140071e+02
   9.4030000e-01   2.5551846e+02
   9.4040000e-01   2.5420901e+02
   9.4050000e-01   2.5045196e+02
   9.4060000e-01   2.4549643e+02
   9.4070000e-01   2.3989180e+02
   9.4080000e-01   2.3387874e+02
   9.4090000e-01   2.2756383e+02
   9.4100000e-01   2.2099625e+02
   9.4110000e-01   2.1419984e+02
   9.4120000e-01   2.0718886e+02
   9.4130000e-01   1.9996618e+02
   9.4140000e-01   1.9293002e+02
   9.4150000e-01   1.8565126e+02
   9.4160000e-01   1.7819189e+02
   9.4170000e-01   1.7052067e+02
   9.4180000e-01   1.6262330e+02
   9.4190000e-01   1.5449586e+02
   9.4200000e-01   1.4613971e+02
   9.4210000e-01   1.3755918e+02
   9.4220000e-01   1.2876050e+02
   9.4230000e-01   1.1975113e+02
   9.4240000e-01   1.1053936e+02
   9.4250000e-01   1.0113404e+02
   9.4260000e-01   9.1544459e+01
   9.4270000e-01   8.1780186e+01
   9.4280000e-01   7.1851067e+01
   9.4290000e-01   6.1819447e+01
   9.4300000e-01   5.1942217e+01
   9.4310000e-01   4.1885837e+01
   9.4320000e-01   3.2641531e+01
   9.4330000e-01   2.3479266e+01
   9.4340000e-01   1.4243315e+01
   9.4350000e-01   4.9085981e+00
   9.4360000e-01  -4.5101978e+00
   9.4370000e-01  -1.3987891e+01
   9.4380000e-01  -2.3499063e+01
   9.4390000e-01  -3.3021110e+01
   9.4400000e-01  -4.2534621e+01
   9.4410000e-01  -5.2022938e+01
   9.4420000e-01  -6.1471529e+01
   9.4430000e-01  -7.0867446e+01
   9.4440000e-01  -8.0198912e+01
   9.4450000e-01  -8.9454973e+01
   9.4460000e-01  -9.8640212e+01
   9.4470000e-01  -1.0795835e+02
   9.4480000e-01  -1.1725741e+02
   9.4490000e-01  -1.2644958e+02
   9.4500000e-01  -1.3548670e+02
   9.4510000e-01  -1.4433673e+02
   9.4520000e-01  -1.5297732e+02
   9.4530000e-01  -1.6139197e+02
   9.4540000e-01  -1.6956779e+02
   9.4550000e-01  -1.7749416e+02
   9.4560000e-01  -1.8516193e+02
   9.4570000e-01  -1.9256291e+02
   9.4580000e-01  -1.9968964e+02
   9.4590000e-01  -2.0653569e+02
   9.4600000e-01  -2.1309497e+02
   9.4610000e-01  -2.1936060e+02
   9.4620000e-01  -2.2532649e+02
   9.4630000e-01  -2.3098711e+02
   9.4640000e-01  -2.3659639e+02
   9.4650000e-01  -2.4279233e+02
   9.4660000e-01  -2.4897518e+02
   9.4670000e-01  -2.5484302e+02
   9.4680000e-01  -2.6036736e+02
   9.4690000e-01  -2.6555462e+02
   9.4700000e-01  -2.7040567e+02
   9.4710000e-01  -2.7492673e+02
   9.4720000e-01  -2.7914172e+02
   9.4730000e-01  -2.8305567e+02
   9.4740000e-01  -2.8667185e+02
   9.4750000e-01  -2.8999205e+02
   9.4760000e-01  -2.9301693e+02
   9.4770000e-01  -2.9574628e+02
   9.4780000e-01  -2.9817938e+02
   9.4790000e-01  -2.9859733e+02
   9.4800000e-01  -2.9865398e+02
   9.4810000e-01  -2.9871835e+02
   9.4820000e-01  -2.9878926e+02
   9.4830000e-01  -2.9886538e+02
   9.4840000e-01  -2.9894523e+02
   9.4850000e-01  -2.9902720e+02
   9.4860000e-01  -2.9910968e+02
   9.4870000e-01  -2.9919073e+02
   9.4880000e-01  -2.9926857e+02
   9.4890000e-01  -2.9934123e+02
   9.4900000e-01  -2.9940669e+02
   9.4910000e-01  -2.9946286e+02
   9.4920000e-01  -2.9950757e+02
   9.4930000e-01  -2.9953862e+02
   9.4940000e-01  -2.9955374e+02
   9.4950000e-01  -2.9955062e+02
   9.4960000e-01  -2.9952690e+02
   9.4970000e-01  -2.9948016e+02
   9.4980000e-01  -2.9518351e+02
   9.4990000e-01  -2.8634409e+02
   9.5000000e-01  -2.7967624e+02
   9.5010000e-01  -2.9135298e+02
   9.5020000e-01  -2.7592121e+02
   9.5030000e-01  -2.6556681e+02
   9.5040000e-01  -2.5885604e+02
   9.5050000e-01  -2.5267303e+02
   9.5060000e-01  -2.4660409e+02
   9.5070000e-01  -2.4047133e+02
   9.5080000e-01  -2.3419877e+02
   9.5090000e-01  -2.2775085e+02
   9.5100000e-01  -2.2111152e+02
   9.5110000e-01  -2.1427471e+02
   9.5120000e-01  -2.0723972e+02
   9.5130000e-01  -2.0004349e+02
   9.5140000e-01  -1.9295484e+02
   9.5150000e-01  -1.8567242e+02
   9.5160000e-01  -1.7818687e+02
   9.5170000e-01  -1.7051198e+02
   9.5180000e-01  -1.6261235e+02
   9.5190000e-01  -1.5448319e+02
   9.5200000e-01  -1.4612560e+02
   9.5210000e-01  -1.3754377e+02
   9.5220000e-01  -1.2874389e+02
   9.5230000e-01  -1.1973340e+02
   9.5240000e-01  -1.1052061e+02
   9.5250000e-01  -1.0111440e+02
   9.5260000e-01  -9.1524095e+01
   9.5270000e-01  -8.1759321e+01
   9.5280000e-01  -7.1829983e+01
   9.5290000e-01  -6.1923801e+01
   9.5300000e-01  -5.1583492e+01
   9.5310000e-01  -4.1894535e+01
   9.5320000e-01  -3.2691566e+01
   9.5330000e-01  -2.3535805e+01
   9.5340000e-01  -1.4293733e+01
   9.5350000e-01  -4.9502906e+00
   9.5360000e-01   4.5548825e+00
   9.5370000e-01   1.3987927e+01
   9.5380000e-01   2.3493855e+01
   9.5390000e-01   3.3014876e+01
   9.5400000e-01   4.2528487e+01
   9.5410000e-01   5.2017213e+01
   9.5420000e-01   6.1466240e+01
   9.5430000e-01   7.0862506e+01
   9.5440000e-01   8.0194254e+01
   9.5450000e-01   8.9445047e+01
   9.5460000e-01   9.8872806e+01
   9.5470000e-01   1.0831230e+02
   9.5480000e-01   1.1766006e+02
   9.5490000e-01   1.2688220e+02
   9.5500000e-01   1.3593763e+02
   9.5510000e-01   1.4479843e+02
   9.5520000e-01   1.5344513e+02
   9.5530000e-01   1.6186311e+02
   9.5540000e-01   1.7004067e+02
   9.5550000e-01   1.7796790e+02
   9.5560000e-01   1.8563607e+02
   9.5570000e-01   1.9303722e+02
   9.5580000e-01   2.0016402e+02
   9.5590000e-01   2.0701005e+02
   9.5600000e-01   2.1356922e+02
   9.5610000e-01   2.1983460e+02
   9.5620000e-01   2.2580002e+02
   9.5630000e-01   2.3145986e+02
   9.5640000e-01   2.3680890e+02
   9.5650000e-01   2.4188388e+02
   9.5660000e-01   2.4777408e+02
   9.5670000e-01   2.5374728e+02
   9.5680000e-01   2.5949538e+02
   9.5690000e-01   2.6489551e+02
   9.5700000e-01   2.6992363e+02
   9.5710000e-01   2.7458842e+02
   9.5720000e-01   2.7890633e+02
   9.5730000e-01   2.8289275e+02
   9.5740000e-01   2.8655952e+02
   9.5750000e-01   2.8991488e+02
   9.5760000e-01   2.9296412e+02
   9.5770000e-01   2.9571034e+02
   9.5780000e-01   2.9815510e+02
   9.5790000e-01   2.9858756e+02
   9.5800000e-01   2.9864459e+02
   9.5810000e-01   2.9870856e+02
   9.5820000e-01   2.9877807e+02
   9.5830000e-01   2.9885162e+02
   9.5840000e-01   2.9892765e+02
   9.5850000e-01   2.9900451e+02
   9.5860000e-01   2.9908057e+02
   9.5870000e-01   2.9915402e+02
   9.5880000e-01   2.9922316e+02
   9.5890000e-01   2.9928617e+02
   9.5900000e-01   2.9934123e+02
   9.5910000e-01   2.9938651e+02
   9.5920000e-01   2.9942011e+02
   9.5930000e-01   2.9944017e+02
   9.5940000e-01   2.9944477e+02
   9.5950000e-01   2.9943199e+02
   9.5960000e-01   2.9939990e+02
   9.5970000e-01   2.9934658e+02
   9.5980000e-01   2.9577757e+02
   9.5990000e-01   2.8664756e+02
   9.6000000e-01   2.7983948e+02
   9.6010000e-01   2.7639771e+02
   9.6020000e-01   2.6885313e+02
   9.6030000e-01   2.6282072e+02
   9.6040000e-01   2.5721411e+02
   9.6050000e-01   2.5163749e+02
   9.6060000e-01   2.4592809e+02
   9.6070000e-01   2.4002227e+02
   9.6080000e-01   2.3389679e+02
   9.6090000e-01   2.2754594e+02
   9.6100000e-01   2.2097148e+02
   9.6110000e-01   2.1417834e+02
   9.6120000e-01   2.0717295e+02
   9.6130000e-01   1.9996460e+02
   9.6140000e-01   1.9287323e+02
   9.6150000e-01   1.8562007e+02
   9.6160000e-01   1.7816858e+02
   9.6170000e-01   1.7049920e+02
   9.6180000e-01   1.6260122e+02
   9.6190000e-01   1.5447187e+02
   9.6200000e-01   1.4611300e+02
   9.6210000e-01   1.3757928e+02
   9.6220000e-01   1.2876415e+02
   9.6230000e-01   1.1971874e+02
   9.6240000e-01   1.1050513e+02
   9.6250000e-01   1.0109931e+02
   9.6260000e-01   9.1509413e+01
   9.6270000e-01   8.1744942e+01
   9.6280000e-01   7.1815707e+01
   9.6290000e-01   6.2040243e+01
   9.6300000e-01   5.1974058e+01
   9.6310000e-01   4.2101022e+01
   9.6320000e-01   3.2786095e+01
   9.6330000e-01   2.3577900e+01
   9.6340000e-01   1.4311510e+01
   9.6350000e-01   4.9563313e+00
   9.6360000e-01  -4.5552989e+00
   9.6370000e-01  -1.3991307e+01
   9.6380000e-01  -2.3499077e+01
   9.6390000e-01  -3.3021245e+01
   9.6400000e-01  -4.2535657e+01
   9.6410000e-01  -5.2024942e+01
   9.6420000e-01  -6.1474374e+01
   9.6430000e-01  -7.0871001e+01
   9.6440000e-01  -8.0203015e+01
   9.6450000e-01  -8.9458174e+01
   9.6460000e-01  -9.8845105e+01
   9.6470000e-01  -1.0827432e+02
   9.6480000e-01  -1.1761601e+02
   9.6490000e-01  -1.2683453e+02
   9.6500000e-01  -1.3588788e+02
   9.6510000e-01  -1.4474755e+02
   9.6520000e-01  -1.5339368e+02
   9.6530000e-01  -1.6181143e+02
   9.6540000e-01  -1.6998898e+02
   9.6550000e-01  -1.7791631e+02
   9.6560000e-01  -1.8558466e+02
   9.6570000e-01  -1.9298604e+02
   9.6580000e-01  -2.0011308e+02
   9.6590000e-01  -2.0695938e+02
   9.6600000e-01  -2.1351882e+02
   9.6610000e-01  -2.1978446e+02
   9.6620000e-01  -2.2575015e+02
   9.6630000e-01  -2.3141026e+02
   9.6640000e-01  -2.3675957e+02
   9.6650000e-01  -2.4183656e+02
   9.6660000e-01  -2.4784837e+02
   9.6670000e-01  -2.5386887e+02
   9.6680000e-01  -2.5960992e+02
   9.6690000e-01  -2.6499615e+02
   9.6700000e-01  -2.7005401e+02
   9.6710000e-01  -2.7466539e+02
   9.6720000e-01  -2.7895565e+02
   9.6730000e-01  -2.8292591e+02
   9.6740000e-01  -2.8658271e+02
   9.6750000e-01  -2.8993167e+02
   9.6760000e-01  -2.9297665e+02
   9.6770000e-01  -2.9571995e+02
   9.6780000e-01  -2.9816268e+02
   9.6790000e-01  -3.0030511e+02
   9.6800000e-01  -3.0126085e+02
   9.6810000e-01  -3.0131209e+02
   9.6820000e-01  -3.0137268e+02
   9.6830000e-01  -3.0144195e+02
   9.6840000e-01  -3.0151861e+02
   9.6850000e-01  -3.0160103e+02
   9.6860000e-01  -3.0168737e+02
   9.6870000e-01  -3.0177490e+02
   9.6880000e-01  -3.0186116e+02
   9.6890000e-01  -3.0194314e+02
   9.6900000e-01  -3.0201761e+02
   9.6910000e-01  -3.0208105e+02
   9.6920000e-01  -3.0212962e+02
   9.6930000e-01  -3.0215934e+02
   9.6940000e-01  -3.0216597e+02
   9.6950000e-01  -3.0214503e+02
   9.6960000e-01  -2.9630180e+02
   9.6970000e-01  -2.9062870e+02
   9.6980000e-01  -2.8577814e+02
   9.6990000e-01  -2.8124226e+02
   9.7000000e-01  -2.7673264e+02
   9.7010000e-01  -2.5514970e+02
   9.7020000e-01  -2.5914429e+02
   9.7030000e-01  -2.5787299e+02
   9.7040000e-01  -2.5486643e+02
   9.7050000e-01  -2.5047450e+02
   9.7060000e-01  -2.4532862e+02
   9.7070000e-01  -2.3969570e+02
   9.7080000e-01  -2.3370828e+02
   9.7090000e-01  -2.2743079e+02
   9.7100000e-01  -2.2089751e+02
   9.7110000e-01  -2.1412885e+02
   9.7120000e-01  -2.0713870e+02
   9.7130000e-01  -1.9999041e+02
   9.7140000e-01  -1.9286101e+02
   9.7150000e-01  -1.8559042e+02
   9.7160000e-01  -1.7813160e+02
   9.7170000e-01  -1.7045942e+02
   9.7180000e-01  -1.6256054e+02
   9.7190000e-01  -1.5443112e+02
   9.7200000e-01  -1.4607256e+02
   9.7210000e-01  -1.3748923e+02
   9.7220000e-01  -1.2868746e+02
   9.7230000e-01  -1.1967481e+02
   9.7240000e-01  -1.1045969e+02
   9.7250000e-01  -1.0105111e+02
   9.7260000e-01  -9.1458467e+01
   9.7270000e-01  -8.1691550e+01
   9.7280000e-01  -7.1760406e+01
   9.7290000e-01  -6.1675265e+01
   9.7300000e-01  -5.1564329e+01
   9.7310000e-01  -4.2030133e+01
   9.7320000e-01  -3.2828883e+01
   9.7330000e-01  -2.3645316e+01
   9.7340000e-01  -1.4374845e+01
   9.7350000e-01  -5.0080300e+00
   9.7360000e-01   4.5134730e+00
   9.7370000e-01   1.4064774e+01
   9.7380000e-01   2.3514258e+01
   9.7390000e-01   3.3018936e+01
   9.7400000e-01   4.2527534e+01
   9.7410000e-01   5.2015315e+01
   9.7420000e-01   6.1464720e+01
   9.7430000e-01   7.0861653e+01
   9.7440000e-01   8.0194011e+01
   9.7450000e-01   8.9450737e+01
   9.7460000e-01   9.8625409e+01
   9.7470000e-01   1.0792286e+02
   9.7480000e-01   1.1721070e+02
   9.7490000e-01   1.2639658e+02
   9.7500000e-01   1.3542995e+02
   9.7510000e-01   1.4427790e+02
   9.7520000e-01   1.5291736e+02
   9.7530000e-01   1.6133144e+02
   9.7540000e-01   1.6950702e+02
   9.7550000e-01   1.7743336e+02
   9.7560000e-01   1.8510121e+02
   9.7570000e-01   1.9250236e+02
   9.7580000e-01   1.9962931e+02
   9.7590000e-01   2.0647562e+02
   9.7600000e-01   2.1303518e+02
   9.7610000e-01   2.1930111e+02
   9.7620000e-01   2.2526733e+02
   9.7630000e-01   2.3092829e+02
   9.7640000e-01   2.3667238e+02
   9.7650000e-01   2.4299548e+02
   9.7660000e-01   2.4913063e+02
   9.7670000e-01   2.5496035e+02
   9.7680000e-01   2.6045221e+02
   9.7690000e-01   2.6560752e+02
   9.7700000e-01   2.7043706e+02
   9.7710000e-01   2.7495196e+02
   9.7720000e-01   2.7916093e+02
   9.7730000e-01   2.8306984e+02
   9.7740000e-01   2.8668216e+02
   9.7750000e-01   2.8999957e+02
   9.7760000e-01   2.9302246e+02
   9.7770000e-01   2.9575045e+02
   9.7780000e-01   2.9818261e+02
   9.7790000e-01   2.9877854e+02
   9.7800000e-01   2.9883448e+02
   9.7810000e-01   2.9889732e+02
   9.7820000e-01   2.9896568e+02
   9.7830000e-01   2.9903806e+02
   9.7840000e-01   2.9911289e+02
   9.7850000e-01   2.9918855e+02
   9.7860000e-01   2.9926337e+02
   9.7870000e-01   2.9933557e+02
   9.7880000e-01   2.9939935e+02
   9.7890000e-01   2.9945149e+02
   9.7900000e-01   2.9949711e+02
   9.7910000e-01   2.9953435e+02
   9.7920000e-01   2.9956147e+02
   9.7930000e-01   2.9957674e+02
   9.7940000e-01   2.9957852e+02
   9.7950000e-01   2.9956518e+02
   9.7960000e-01   2.9953512e+02
   9.7970000e-01   2.9948530e+02
   9.7980000e-01   2.9499489e+02
   9.7990000e-01   2.8625052e+02
   9.8000000e-01   2.7960009e+02
   9.8010000e-01   2.6352321e+02
   9.8020000e-01   2.6393606e+02
   9.8030000e-01   2.6016164e+02
   9.8040000e-01   2.5656608e+02
   9.8050000e-01   2.5170186e+02
   9.8060000e-01   2.4618668e+02
   9.8070000e-01   2.4029245e+02
   9.8080000e-01   2.3412849e+02
   9.8090000e-01   2.2772506e+02
   9.8100000e-01   2.2110302e+02
   9.8110000e-01   2.1427231e+02
   9.8120000e-01   2.0723902e+02
   9.8130000e-01   2.0007377e+02
   9.8140000e-01   1.9291363e+02
   9.8150000e-01   1.8562534e+02
   9.8160000e-01   1.7815543e+02
   9.8170000e-01   1.7047501e+02
   9.8180000e-01   1.6256879e+02
   9.8190000e-01   1.5443193e+02
   9.8200000e-01   1.4606527e+02
   9.8210000e-01   1.3750770e+02
   9.8220000e-01   1.2867096e+02
   9.8230000e-01   1.1963721e+02
   9.8240000e-01   1.1042763e+02
   9.8250000e-01   1.0102233e+02
   9.8260000e-01   9.1431623e+01
   9.8270000e-01   8.1665959e+01
   9.8280000e-01   7.1735607e+01
   9.8290000e-01   6.1650849e+01
   9.8300000e-01   5.1599056e+01
   9.8310000e-01   4.2080488e+01
   9.8320000e-01   3.2900586e+01
   9.8330000e-01   2.3709064e+01
   9.8340000e-01   1.4424763e+01
   9.8350000e-01   5.0449749e+00
   9.8360000e-01  -4.4874376e+00
   9.8370000e-01  -1.3971270e+01
   9.8380000e-01  -2.3492785e+01
   9.8390000e-01  -3.3007274e+01
   9.8400000e-01  -4.2520334e+01
   9.8410000e-01  -5.2010680e+01
   9.8420000e-01  -6.1461703e+01
   9.8430000e-01  -7.0859803e+01
   9.8440000e-01  -8.0192941e+01
   9.8450000e-01  -8.9453303e+01
   9.8460000e-01  -9.8907316e+01
   9.8470000e-01  -1.0824935e+02
   9.8480000e-01  -1.1757008e+02
   9.8490000e-01  -1.2677963e+02
   9.8500000e-01  -1.3582785e+02
   9.8510000e-01  -1.4468492e+02
   9.8520000e-01  -1.5332979e+02
   9.8530000e-01  -1.6174698e+02
   9.8540000e-01  -1.6992434e+02
   9.8550000e-01  -1.7785172e+02
   9.8560000e-01  -1.8552023e+02
   9.8570000e-01  -1.9292186e+02
   9.8580000e-01  -2.0004921e+02
   9.8590000e-01  -2.0689584e+02
   9.8600000e-01  -2.1345565e+02
   9.8610000e-01  -2.1972169e+02
   9.8620000e-01  -2.2568780e+02
   9.8630000e-01  -2.3134834e+02
   9.8640000e-01  -2.3669810e+02
   9.8650000e-01  -2.4188679e+02
   9.8660000e-01  -2.4794499e+02
   9.8670000e-01  -2.5399016e+02
   9.8680000e-01  -2.5971236e+02
   9.8690000e-01  -2.6506633e+02
   9.8700000e-01  -2.7005048e+02
   9.8710000e-01  -2.7467970e+02
   9.8720000e-01  -2.7897082e+02
   9.8730000e-01  -2.8293778e+02
   9.8740000e-01  -2.8659072e+02
   9.8750000e-01  -2.8993636e+02
   9.8760000e-01  -2.9297881e+02
   9.8770000e-01  -2.9572028e+02
   9.8780000e-01  -2.9816176e+02
   9.8790000e-01  -2.9894167e+02
   9.8800000e-01  -2.9899627e+02
   9.8810000e-01  -2.9905846e+02
   9.8820000e-01  -2.9912710e+02
   9.8830000e-01  -2.9920086e+02
   9.8840000e-01  -2.9927825e+02
   9.8850000e-01  -2.9935769e+02
   9.8860000e-01  -2.9943755e+02
   9.8870000e-01  -2.9951592e+02
   9.8880000e-01  -2.9959099e+02
   9.8890000e-01  -2.9966081e+02
   9.8900000e-01  -2.9972337e+02
   9.8910000e-01  -2.9977657e+02
   9.8920000e-01  -2.9981825e+02
   9.8930000e-01  -2.9984621e+02
   9.8940000e-01  -2.9985819e+02
   9.8950000e-01  -2.9985186e+02
   9.8960000e-01  -2.9982488e+02
   9.8970000e-01  -2.9977485e+02
   9.8980000e-01  -2.9345721e+02
   9.8990000e-01  -2.8544206e+02
   9.9000000e-01  -2.7915467e+02
   9.9010000e-01  -2.7252042e+02
   9.9020000e-01  -2.6806147e+02
   9.9030000e-01  -2.6304393e+02
   9.9040000e-01  -2.5769650e+02
   9.9050000e-01  -2.5210846e+02
   9.9060000e-01  -2.4631784e+02
   9.9070000e-01  -2.4031828e+02
   9.9080000e-01  -2.3411167e+02
   9.9090000e-01  -2.2769776e+02
   9.9100000e-01  -2.2107676e+02
   9.9110000e-01  -2.1425029e+02
   9.9120000e-01  -2.0722137e+02
   9.9130000e-01  -2.0009605e+02
   9.9140000e-01  -1.9286429e+02
   9.9150000e-01  -1.8542456e+02
   9.9160000e-01  -1.7801724e+02
   9.9170000e-01  -1.7033936e+02
   9.9180000e-01  -1.6245123e+02
   9.9190000e-01  -1.5433805e+02
   9.9200000e-01  -1.4598692e+02
   9.9210000e-01  -1.3740728e+02
   9.9220000e-01  -1.2860781e+02
   9.9230000e-01  -1.1959697e+02
   9.9240000e-01  -1.1038350e+02
   9.9250000e-01  -1.0097644e+02
   9.9260000e-01  -9.1385205e+01
   9.9270000e-01  -8.1619490e+01
   9.9280000e-01  -7.1689242e+01
   9.9290000e-01  -6.1656964e+01
   9.9300000e-01  -5.1819939e+01
   9.9310000e-01  -4.2287920e+01
   9.9320000e-01  -3.3047788e+01
   9.9330000e-01  -2.3808995e+01
   9.9340000e-01  -1.4491455e+01
   9.9350000e-01  -5.0885297e+00
   9.9360000e-01   4.4682978e+00
   9.9370000e-01   1.4006370e+01
   9.9380000e-01   2.3481282e+01
   9.9390000e-01   3.3001976e+01
   9.9400000e-01   4.2519907e+01
   9.9410000e-01   5.2013375e+01
   9.9420000e-01   6.1466402e+01
   9.9430000e-01   7.0865758e+01
   9.9440000e-01   8.0199737e+01
   9.9450000e-01   8.9457594e+01
   9.9460000e-01   9.8623727e+01
   9.9470000e-01   1.0792310e+02
   9.9480000e-01   1.1720020e+02
   9.9490000e-01   1.2636465e+02
   9.9500000e-01   1.3538793e+02
   9.9510000e-01   1.4423104e+02
   9.9520000e-01   1.5286820e+02
   9.9530000e-01   1.6128125e+02
   9.9540000e-01   1.6945646e+02
   9.9550000e-01   1.7738277e+02
   9.9560000e-01   1.8505078e+02
   9.9570000e-01   1.9245219e+02
   9.9580000e-01   1.9957947e+02
   9.9590000e-01   2.0642614e+02
   9.9600000e-01   2.1298609e+02
   9.9610000e-01   2.1925242e+02
   9.9620000e-01   2.2521904e+02
   9.9630000e-01   2.3087669e+02
   9.9640000e-01   2.3696061e+02
   9.9650000e-01   2.4320701e+02
   9.9660000e-01   2.4928699e+02
   9.9670000e-01   2.5507461e+02
   9.9680000e-01   2.6053542e+02
   9.9690000e-01   2.6567482e+02
   9.9700000e-01   2.7056272e+02
   9.9710000e-01   2.7503018e+02
   9.9720000e-01   2.7921018e+02
   9.9730000e-01   2.8309833e+02
   9.9740000e-01   2.8669992e+02
   9.9750000e-01   2.9001150e+02
   9.9760000e-01   2.9303102e+02
   9.9770000e-01   2.9575688e+02
   9.9780000e-01   2.9818763e+02
   9.9790000e-01   3.0032179e+02
   9.9800000e-01   3.0163448e+02
   9.9810000e-01   3.0168287e+02
   9.9820000e-01   3.0174016e+02
   9.9830000e-01   3.0180572e+02
   9.9840000e-01   3.0187832e+02
   9.9850000e-01   3.0195632e+02
   9.9860000e-01   3.0203790e+02
   9.9870000e-01   3.0212036e+02
   9.9880000e-01   3.0220125e+02
   9.9890000e-01   3.0227758e+02
   9.9900000e-01   3.0234612e+02
   9.9910000e-01   3.0240337e+02
   9.9920000e-01   3.0244550e+02
   9.9930000e-01   3.0246855e+02
   9.9940000e-01   3.0246828e+02
   9.9950000e-01   3.0133007e+02
   9.9960000e-01   2.9481052e+02
   9.9970000e-01   2.8980051e+02
   9.9980000e-01   2.8532166e+02
   9.9990000e-01   2.8097250e+02
