   7.9990000e-01  -2.4872131e+02
   8.0000000e-01  -2.5424580e+02
   8.0010000e-01  -2.7005135e+02
   8.0020000e-01  -2.6911391e+02
   8.0030000e-01  -2.7191986e+02
   8.0040000e-01  -2.7477399e+02
   8.0050000e-01  -2.7833210e+02
   8.0060000e-01  -2.8201819e+02
   8.0070000e-01  -2.8559030e+02
   8.0080000e-01  -2.8895014e+02
   8.0090000e-01  -2.9205016e+02
   8.0100000e-01  -2.9486956e+02
   8.0110000e-01  -2.9739892e+02
   8.0120000e-01  -2.9851855e+02
   8.0130000e-01  -2.9857269e+02
   8.0140000e-01  -2.9863491e+02
   8.0150000e-01  -2.9870412e+02
   8.0160000e-01  -2.9877903e+02
   8.0170000e-01  -2.9885819e+02
   8.0180000e-01  -2.9894004e+02
   8.0190000e-01  -2.9902292e+02
   8.0200000e-01  -2.9910507e+02
   8.0210000e-01  -2.9918464e+02
   8.0220000e-01  -2.9925971e+02
   8.0230000e-01  -2.9931831e+02
   8.0240000e-01  -2.9936380e+02
   8.0250000e-01  -2.9939825e+02
   8.0260000e-01  -2.9942044e+02
   8.0270000e-01  -2.9942905e+02
   8.0280000e-01  -2.9942266e+02
   8.0290000e-01  -2.9939981e+02
   8.0300000e-01  -2.9935900e+02
   8.0310000e-01  -2.9929429e+02
   8.0320000e-01  -2.8948029e+02
   8.0330000e-01  -2.8203282e+02
   8.0340000e-01  -2.7591765e+02
   8.0350000e-01  -2.7033519e+02
   8.0360000e-01  -2.6491147e+02
   8.0370000e-01  -2.5946449e+02
   8.0380000e-01  -2.5390175e+02
   8.0390000e-01  -2.4817476e+02
   8.0400000e-01  -2.4225783e+02
   8.0410000e-01  -2.3613775e+02
   8.0420000e-01  -2.2980855e+02
   8.0430000e-01  -2.2326867e+02
   8.0440000e-01  -2.1654283e+02
   8.0450000e-01  -2.0981558e+02
   8.0460000e-01  -2.0303834e+02
   8.0470000e-01  -1.9613604e+02
   8.0480000e-01  -1.8903594e+02
   8.0490000e-01  -1.8171210e+02
   8.0500000e-01  -1.7415188e+02
   8.0510000e-01  -1.6635131e+02
   8.0520000e-01  -1.5831121e+02
   8.0530000e-01  -1.5003558e+02
   8.0540000e-01  -1.4153035e+02
   8.0550000e-01  -1.3280275e+02
   8.0560000e-01  -1.2386084e+02
   8.0570000e-01  -1.1471327e+02
   8.0580000e-01  -1.0536913e+02
   8.0590000e-01  -9.5836971e+01
   8.0600000e-01  -8.6125275e+01
   8.0610000e-01  -7.6244870e+01
   8.0620000e-01  -6.6206321e+01
   8.0630000e-01  -5.6020142e+01
   8.0640000e-01  -4.5696904e+01
   8.0650000e-01  -3.5247285e+01
   8.0660000e-01  -2.4682075e+01
   8.0670000e-01  -1.4744414e+01
   8.0680000e-01  -5.5216791e+00
   8.0690000e-01   3.3880500e+00
   8.0700000e-01   1.2336383e+01
   8.0710000e-01   2.1413557e+01
   8.0720000e-01   3.0610595e+01
   8.0730000e-01   3.9893039e+01
   8.0740000e-01   4.9223559e+01
   8.0750000e-01   5.8569005e+01
   8.0760000e-01   6.7901739e+01
   8.0770000e-01   7.7199055e+01
   8.0780000e-01   8.6424215e+01
   8.0790000e-01   9.5875334e+01
   8.0800000e-01   1.0537636e+02
   8.0810000e-01   1.1478919e+02
   8.0820000e-01   1.2407816e+02
   8.0830000e-01   1.3320318e+02
   8.0840000e-01   1.4213684e+02
   8.0850000e-01   1.5088794e+02
   8.0860000e-01   1.5922651e+02
   8.0870000e-01   1.6756591e+02
   8.0880000e-01   1.7562633e+02
   8.0890000e-01   1.8339308e+02
   8.0900000e-01   1.9090235e+02
   8.0910000e-01   1.9811710e+02
   8.0920000e-01   2.0504703e+02
   8.0930000e-01   2.1169744e+02
   8.0940000e-01   2.1805843e+02
   8.0950000e-01   2.2412231e+02
   8.0960000e-01   2.2988278e+02
   8.0970000e-01   2.3533426e+02
   8.0980000e-01   2.4047170e+02
   8.0990000e-01   2.4529959e+02
   8.1000000e-01   2.5094481e+02
   8.1010000e-01   2.5867308e+02
   8.1020000e-01   2.6283802e+02
   8.1030000e-01   2.6762494e+02
   8.1040000e-01   2.7241438e+02
   8.1050000e-01   2.7696838e+02
   8.1060000e-01   2.8119392e+02
   8.1070000e-01   2.8507193e+02
   8.1080000e-01   2.8861423e+02
   8.1090000e-01   2.9182764e+02
   8.1100000e-01   2.9471979e+02
   8.1110000e-01   2.9729693e+02
   8.1120000e-01   2.9875759e+02
   8.1130000e-01   2.9881051e+02
   8.1140000e-01   2.9886690e+02
   8.1150000e-01   2.9892845e+02
   8.1160000e-01   2.9899379e+02
   8.1170000e-01   2.9906149e+02
   8.1180000e-01   2.9913007e+02
   8.1190000e-01   2.9919802e+02
   8.1200000e-01   2.9926382e+02
   8.1210000e-01   2.9932592e+02
   8.1220000e-01   2.9938277e+02
   8.1230000e-01   2.9943280e+02
   8.1240000e-01   2.9947446e+02
   8.1250000e-01   2.9950615e+02
   8.1260000e-01   2.9952631e+02
   8.1270000e-01   2.9953336e+02
   8.1280000e-01   2.9952571e+02
   8.1290000e-01   2.9950180e+02
   8.1300000e-01   2.9946006e+02
   8.1310000e-01   2.9862128e+02
   8.1320000e-01   2.8875601e+02
   8.1330000e-01   2.8163799e+02
   8.1340000e-01   2.7569460e+02
   8.1350000e-01   2.7020202e+02
   8.1360000e-01   2.6481220e+02
   8.1370000e-01   2.5941644e+02
   8.1380000e-01   2.5387324e+02
   8.1390000e-01   2.4815771e+02
   8.1400000e-01   2.4224797e+02
   8.1410000e-01   2.3613260e+02
   8.1420000e-01   2.2980658e+02
   8.1430000e-01   2.2326883e+02
   8.1440000e-01   2.1652465e+02
   8.1450000e-01   2.0978054e+02
   8.1460000e-01   2.0297725e+02
   8.1470000e-01   1.9606052e+02
   8.1480000e-01   1.8895253e+02
   8.1490000e-01   1.8162419e+02
   8.1500000e-01   1.7406182e+02
   8.1510000e-01   1.6626020e+02
   8.1520000e-01   1.5821970e+02
   8.1530000e-01   1.4994404e+02
   8.1540000e-01   1.4143900e+02
   8.1550000e-01   1.3271173e+02
   8.1560000e-01   1.2377023e+02
   8.1570000e-01   1.1462312e+02
   8.1580000e-01   1.0527948e+02
   8.1590000e-01   9.5747832e+01
   8.1600000e-01   8.6036665e+01
   8.1610000e-01   7.6156802e+01
   8.1620000e-01   6.6118806e+01
   8.1630000e-01   5.5933186e+01
   8.1640000e-01   4.5610514e+01
   8.1650000e-01   3.5161466e+01
   8.1660000e-01   2.4596833e+01
   8.1670000e-01   1.4936145e+01
   8.1680000e-01   5.8745216e+00
   8.1690000e-01  -3.2006457e+00
   8.1700000e-01  -1.2157256e+01
   8.1710000e-01  -2.1271082e+01
   8.1720000e-01  -3.0505184e+01
   8.1730000e-01  -3.9818211e+01
   8.1740000e-01  -4.9171946e+01
   8.1750000e-01  -5.8534388e+01
   8.1760000e-01  -6.7879271e+01
   8.1770000e-01  -7.7185205e+01
   8.1780000e-01  -8.6434377e+01
   8.1790000e-01  -9.5611585e+01
   8.1800000e-01  -1.0470369e+02
   8.1810000e-01  -1.1369880e+02
   8.1820000e-01  -1.2258606e+02
   8.1830000e-01  -1.3135527e+02
   8.1840000e-01  -1.3999688e+02
   8.1850000e-01  -1.4852807e+02
   8.1860000e-01  -1.5672646e+02
   8.1870000e-01  -1.6501452e+02
   8.1880000e-01  -1.7310658e+02
   8.1890000e-01  -1.8099246e+02
   8.1900000e-01  -1.8870665e+02
   8.1910000e-01  -1.9621163e+02
   8.1920000e-01  -2.0351576e+02
   8.1930000e-01  -2.1062594e+02
   8.1940000e-01  -2.1753143e+02
   8.1950000e-01  -2.2422354e+02
   8.1960000e-01  -2.3069488e+02
   8.1970000e-01  -2.3693870e+02
   8.1980000e-01  -2.4294870e+02
   8.1990000e-01  -2.4871890e+02
   8.2000000e-01  -2.5424356e+02
   8.2010000e-01  -2.5627422e+02
   8.2020000e-01  -2.6327162e+02
   8.2030000e-01  -2.6883424e+02
   8.2040000e-01  -2.7364623e+02
   8.2050000e-01  -2.7798574e+02
   8.2060000e-01  -2.8196907e+02
   8.2070000e-01  -2.8564292e+02
   8.2080000e-01  -2.8902444e+02
   8.2090000e-01  -2.9211832e+02
   8.2100000e-01  -2.9492432e+02
   8.2110000e-01  -2.9744059e+02
   8.2120000e-01  -2.9887490e+02
   8.2130000e-01  -2.9892758e+02
   8.2140000e-01  -2.9898376e+02
   8.2150000e-01  -2.9904461e+02
   8.2160000e-01  -2.9910928e+02
   8.2170000e-01  -2.9917632e+02
   8.2180000e-01  -2.9924425e+02
   8.2190000e-01  -2.9931155e+02
   8.2200000e-01  -2.9937670e+02
   8.2210000e-01  -2.9943816e+02
   8.2220000e-01  -2.9949436e+02
   8.2230000e-01  -2.9954375e+02
   8.2240000e-01  -2.9958476e+02
   8.2250000e-01  -2.9961580e+02
   8.2260000e-01  -2.9963530e+02
   8.2270000e-01  -2.9964169e+02
   8.2280000e-01  -2.9963338e+02
   8.2290000e-01  -2.9960881e+02
   8.2300000e-01  -2.9956640e+02
   8.2310000e-01  -2.9786427e+02
   8.2320000e-01  -2.8836966e+02
   8.2330000e-01  -2.8143021e+02
   8.2340000e-01  -2.7557615e+02
   8.2350000e-01  -2.7013145e+02
   8.2360000e-01  -2.6478514e+02
   8.2370000e-01  -2.5938392e+02
   8.2380000e-01  -2.5384942e+02
   8.2390000e-01  -2.4814045e+02
   8.2400000e-01  -2.4223526e+02
   8.2410000e-01  -2.3612301e+02
   8.2420000e-01  -2.2979909e+02
   8.2430000e-01  -2.2326276e+02
   8.2440000e-01  -2.1651594e+02
   8.2450000e-01  -2.0959693e+02
   8.2460000e-01  -2.0286525e+02
   8.2470000e-01  -1.9596649e+02
   8.2480000e-01  -1.8886336e+02
   8.2490000e-01  -1.8153571e+02
   8.2500000e-01  -1.7397280e+02
   8.2510000e-01  -1.6617060e+02
   8.2520000e-01  -1.5812974e+02
   8.2530000e-01  -1.4985396e+02
   8.2540000e-01  -1.4134901e+02
   8.2550000e-01  -1.3262196e+02
   8.2560000e-01  -1.2368078e+02
   8.2570000e-01  -1.1453407e+02
   8.2580000e-01  -1.0519087e+02
   8.2590000e-01  -9.5659702e+01
   8.2600000e-01  -8.5949042e+01
   8.2610000e-01  -7.6069708e+01
   8.2620000e-01  -6.6032261e+01
   8.2630000e-01  -5.5847208e+01
   8.2640000e-01  -4.5525118e+01
   8.2650000e-01  -3.5076666e+01
   8.2660000e-01  -2.4710902e+01
   8.2670000e-01  -1.5024621e+01
   8.2680000e-01  -6.0112363e+00
   8.2690000e-01   2.9658368e+00
   8.2700000e-01   1.1986616e+01
   8.2710000e-01   2.1150337e+01
   8.2720000e-01   3.0421319e+01
   8.2730000e-01   3.9760764e+01
   8.2740000e-01   4.9133143e+01
   8.2750000e-01   5.8508540e+01
   8.2760000e-01   6.7862392e+01
   8.2770000e-01   7.7174482e+01
   8.2780000e-01   8.6415792e+01
   8.2790000e-01   9.5832951e+01
   8.2800000e-01   1.0532302e+02
   8.2810000e-01   1.1472988e+02
   8.2820000e-01   1.2401551e+02
   8.2830000e-01   1.3313880e+02
   8.2840000e-01   1.4207159e+02
   8.2850000e-01   1.5082231e+02
   8.2860000e-01   1.5916072e+02
   8.2870000e-01   1.6750031e+02
   8.2880000e-01   1.7556098e+02
   8.2890000e-01   1.8332800e+02
   8.2900000e-01   1.9083761e+02
   8.2910000e-01   1.9805267e+02
   8.2920000e-01   2.0498294e+02
   8.2930000e-01   2.1174404e+02
   8.2940000e-01   2.1804242e+02
   8.2950000e-01   2.2407983e+02
   8.2960000e-01   2.2983031e+02
   8.2970000e-01   2.3527812e+02
   8.2980000e-01   2.4040206e+02
   8.2990000e-01   2.4533581e+02
   8.3000000e-01   2.5112760e+02
   8.3010000e-01   2.5321666e+02
   8.3020000e-01   2.6211899e+02
   8.3030000e-01   2.6843107e+02
   8.3040000e-01   2.7350221e+02
   8.3050000e-01   2.7794808e+02
   8.3060000e-01   2.8196513e+02
   8.3070000e-01   2.8564926e+02
   8.3080000e-01   2.8903214e+02
   8.3090000e-01   2.9212434e+02
   8.3100000e-01   2.9492805e+02
   8.3110000e-01   2.9744210e+02
   8.3120000e-01   2.9898337e+02
   8.3130000e-01   2.9903551e+02
   8.3140000e-01   2.9909494e+02
   8.3150000e-01   2.9916035e+02
   8.3160000e-01   2.9923026e+02
   8.3170000e-01   2.9930312e+02
   8.3180000e-01   2.9937733e+02
   8.3190000e-01   2.9945122e+02
   8.3200000e-01   2.9952308e+02
   8.3210000e-01   2.9959116e+02
   8.3220000e-01   2.9965368e+02
   8.3230000e-01   2.9970884e+02
   8.3240000e-01   2.9975478e+02
   8.3250000e-01   2.9978965e+02
   8.3260000e-01   2.9981157e+02
   8.3270000e-01   2.9981864e+02
   8.3280000e-01   2.9980895e+02
   8.3290000e-01   2.9978056e+02
   8.3300000e-01   2.9973156e+02
   8.3310000e-01   2.9672697e+02
   8.3320000e-01   2.8779464e+02
   8.3330000e-01   2.8110848e+02
   8.3340000e-01   2.7538293e+02
   8.3350000e-01   2.7000888e+02
   8.3360000e-01   2.6468707e+02
   8.3370000e-01   2.5933248e+02
   8.3380000e-01   2.5381487e+02
   8.3390000e-01   2.4811581e+02
   8.3400000e-01   2.4221690e+02
   8.3410000e-01   2.3610863e+02
   8.3420000e-01   2.2978735e+02
   8.3430000e-01   2.2325284e+02
   8.3440000e-01   2.1650716e+02
   8.3450000e-01   2.0955416e+02
   8.3460000e-01   2.0241673e+02
   8.3470000e-01   1.9541434e+02
   8.3480000e-01   1.8824840e+02
   8.3490000e-01   1.8088233e+02
   8.3500000e-01   1.7329650e+02
   8.3510000e-01   1.6548114e+02
   8.3520000e-01   1.5743306e+02
   8.3530000e-01   1.4915356e+02
   8.3540000e-01   1.4064692e+02
   8.3550000e-01   1.3191930e+02
   8.3560000e-01   1.2297816e+02
   8.3570000e-01   1.1383179e+02
   8.3580000e-01   1.0448910e+02
   8.3590000e-01   9.4958539e+01
   8.3600000e-01   8.5248611e+01
   8.3610000e-01   7.5370169e+01
   8.3620000e-01   6.5333845e+01
   8.3630000e-01   5.5150239e+01
   8.3640000e-01   4.4903869e+01
   8.3650000e-01   3.5195718e+01
   8.3660000e-01   2.6033781e+01
   8.3670000e-01   1.6924540e+01
   8.3680000e-01   7.7268760e+00
   8.3690000e-01  -1.6065965e+00
   8.3700000e-01  -1.1006187e+01
   8.3710000e-01  -2.0457539e+01
   8.3720000e-01  -2.9928164e+01
   8.3730000e-01  -3.9414851e+01
   8.3740000e-01  -4.8893012e+01
   8.3750000e-01  -5.8343087e+01
   8.3760000e-01  -6.7749131e+01
   8.3770000e-01  -7.7097464e+01
   8.3780000e-01  -8.6375922e+01
   8.3790000e-01  -9.5686898e+01
   8.3800000e-01  -1.0505903e+02
   8.3810000e-01  -1.1441400e+02
   8.3820000e-01  -1.2366968e+02
   8.3830000e-01  -1.3277389e+02
   8.3840000e-01  -1.4169300e+02
   8.3850000e-01  -1.5043217e+02
   8.3860000e-01  -1.5875939e+02
   8.3870000e-01  -1.6708758e+02
   8.3880000e-01  -1.7513585e+02
   8.3890000e-01  -1.8288929e+02
   8.3900000e-01  -1.9038434e+02
   8.3910000e-01  -1.9758419e+02
   8.3920000e-01  -2.0449894e+02
   8.3930000e-01  -2.1113435e+02
   8.3940000e-01  -2.1748104e+02
   8.3950000e-01  -2.2353200e+02
   8.3960000e-01  -2.2928161e+02
   8.3970000e-01  -2.3472506e+02
   8.3980000e-01  -2.4018501e+02
   8.3990000e-01  -2.4635859e+02
   8.4000000e-01  -2.5241689e+02
   8.4010000e-01  -2.7232110e+02
   8.4020000e-01  -2.6970566e+02
   8.4030000e-01  -2.7127508e+02
   8.4040000e-01  -2.7446188e+02
   8.4050000e-01  -2.7816680e+02
   8.4060000e-01  -2.8192682e+02
   8.4070000e-01  -2.8554107e+02
   8.4080000e-01  -2.8892255e+02
   8.4090000e-01  -2.9203425e+02
   8.4100000e-01  -2.9486032e+02
   8.4110000e-01  -2.9739368e+02
   8.4120000e-01  -2.9916081e+02
   8.4130000e-01  -2.9921199e+02
   8.4140000e-01  -2.9927040e+02
   8.4150000e-01  -2.9933476e+02
   8.4160000e-01  -2.9940358e+02
   8.4170000e-01  -2.9947534e+02
   8.4180000e-01  -2.9954842e+02
   8.4190000e-01  -2.9962117e+02
   8.4200000e-01  -2.9969187e+02
   8.4210000e-01  -2.9975877e+02
   8.4220000e-01  -2.9981560e+02
   8.4230000e-01  -2.9986388e+02
   8.4240000e-01  -2.9990547e+02
   8.4250000e-01  -2.9993734e+02
   8.4260000e-01  -2.9995730e+02
   8.4270000e-01  -2.9996345e+02
   8.4280000e-01  -2.9995398e+02
   8.4290000e-01  -2.9992686e+02
   8.4300000e-01  -2.9987670e+02
   8.4310000e-01  -2.9504245e+02
   8.4320000e-01  -2.8694797e+02
   8.4330000e-01  -2.8066117e+02
   8.4340000e-01  -2.7513222e+02
   8.4350000e-01  -2.6986179e+02
   8.4360000e-01  -2.6459761e+02
   8.4370000e-01  -2.5927602e+02
   8.4380000e-01  -2.5377887e+02
   8.4390000e-01  -2.4809261e+02
   8.4400000e-01  -2.4220199e+02
   8.4410000e-01  -2.3609921e+02
   8.4420000e-01  -2.2978158e+02
   8.4430000e-01  -2.2324952e+02
   8.4440000e-01  -2.1650542e+02
   8.4450000e-01  -2.0959238e+02
   8.4460000e-01  -2.0282221e+02
   8.4470000e-01  -1.9590241e+02
   8.4480000e-01  -1.8878881e+02
   8.4490000e-01  -1.8145583e+02
   8.4500000e-01  -1.7389026e+02
   8.4510000e-01  -1.6608669e+02
   8.4520000e-01  -1.5804516e+02
   8.4530000e-01  -1.4976909e+02
   8.4540000e-01  -1.4126404e+02
   8.4550000e-01  -1.3253702e+02
   8.4560000e-01  -1.2359594e+02
   8.4570000e-01  -1.1444937e+02
   8.4580000e-01  -1.0510634e+02
   8.4590000e-01  -9.5575362e+01
   8.4600000e-01  -8.5864914e+01
   8.4610000e-01  -7.5985811e+01
   8.4620000e-01  -6.5948607e+01
   8.4630000e-01  -5.5763811e+01
   8.4640000e-01  -4.5441990e+01
   8.4650000e-01  -3.4993818e+01
   8.4660000e-01  -2.4536367e+01
   8.4670000e-01  -1.5162750e+01
   8.4680000e-01  -6.2034728e+00
   8.4690000e-01   2.7312771e+00
   8.4700000e-01   1.1808680e+01
   8.4710000e-01   2.1019301e+01
   8.4720000e-01   3.0327127e+01
   8.4730000e-01   3.9693906e+01
   8.4740000e-01   4.9085932e+01
   8.4750000e-01   5.8475196e+01
   8.4760000e-01   6.7838736e+01
   8.4770000e-01   7.7157545e+01
   8.4780000e-01   8.6405874e+01
   8.4790000e-01   9.5786087e+01
   8.4800000e-01   1.0526617e+02
   8.4810000e-01   1.1466706e+02
   8.4820000e-01   1.2394896e+02
   8.4830000e-01   1.3306971e+02
   8.4840000e-01   1.4200059e+02
   8.4850000e-01   1.5074960e+02
   8.4860000e-01   1.5908628e+02
   8.4870000e-01   1.6742398e+02
   8.4880000e-01   1.7548249e+02
   8.4890000e-01   1.8324707e+02
   8.4900000e-01   1.9075394e+02
   8.4910000e-01   1.9796604e+02
   8.4920000e-01   2.0489315e+02
   8.4930000e-01   2.1154063e+02
   8.4940000e-01   2.1789863e+02
   8.4950000e-01   2.2395958e+02
   8.4960000e-01   2.2971725e+02
   8.4970000e-01   2.3516622e+02
   8.4980000e-01   2.4030153e+02
   8.4990000e-01   2.4534623e+02
   8.5000000e-01   2.5133115e+02
   8.5010000e-01   2.7026979e+02
   8.5020000e-01   2.6844764e+02
   8.5030000e-01   2.7047584e+02
   8.5040000e-01   2.7393919e+02
   8.5050000e-01   2.7781771e+02
   8.5060000e-01   2.8168946e+02
   8.5070000e-01   2.8537779e+02
   8.5080000e-01   2.8880908e+02
   8.5090000e-01   2.9195457e+02
   8.5100000e-01   2.9480371e+02
   8.5110000e-01   2.9735287e+02
   8.5120000e-01   2.9897154e+02
   8.5130000e-01   2.9902313e+02
   8.5140000e-01   2.9908260e+02
   8.5150000e-01   2.9914892e+02
   8.5160000e-01   2.9922079e+02
   8.5170000e-01   2.9929679e+02
   8.5180000e-01   2.9937537e+02
   8.5190000e-01   2.9945486e+02
   8.5200000e-01   2.9953351e+02
   8.5210000e-01   2.9960949e+02
   8.5220000e-01   2.9968087e+02
   8.5230000e-01   2.9974566e+02
   8.5240000e-01   2.9980179e+02
   8.5250000e-01   2.9984712e+02
   8.5260000e-01   2.9987947e+02
   8.5270000e-01   2.9989659e+02
   8.5280000e-01   2.9989618e+02
   8.5290000e-01   2.9987590e+02
   8.5300000e-01   2.9983337e+02
   8.5310000e-01   2.9605736e+02
   8.5320000e-01   2.8747101e+02
   8.5330000e-01   2.8094547e+02
   8.5340000e-01   2.7529658e+02
   8.5350000e-01   2.6996149e+02
   8.5360000e-01   2.6466053e+02
   8.5370000e-01   2.5931689e+02
   8.5380000e-01   2.5380633e+02
   8.5390000e-01   2.4811157e+02
   8.5400000e-01   2.4221538e+02
   8.5410000e-01   2.3610903e+02
   8.5420000e-01   2.2978896e+02
   8.5430000e-01   2.2325539e+02
   8.5440000e-01   2.1651042e+02
   8.5450000e-01   2.0964483e+02
   8.5460000e-01   2.0280685e+02
   8.5470000e-01   1.9585492e+02
   8.5480000e-01   1.8872632e+02
   8.5490000e-01   1.8138648e+02
   8.5500000e-01   1.7381763e+02
   8.5510000e-01   1.6601269e+02
   8.5520000e-01   1.5797075e+02
   8.5530000e-01   1.4969475e+02
   8.5540000e-01   1.4119006e+02
   8.5550000e-01   1.3246354e+02
   8.5560000e-01   1.2352304e+02
   8.5570000e-01   1.1437710e+02
   8.5580000e-01   1.0503473e+02
   8.5590000e-01   9.5504440e+01
   8.5600000e-01   8.5794689e+01
   8.5610000e-01   7.5916285e+01
   8.5620000e-01   6.5879791e+01
   8.5630000e-01   5.5695710e+01
   8.5640000e-01   4.5374607e+01
   8.5650000e-01   3.4927158e+01
   8.5660000e-01   2.5121376e+01
   8.5670000e-01   1.5661916e+01
   8.5680000e-01   6.6588404e+00
   8.5690000e-01  -2.5751818e+00
   8.5700000e-01  -1.1698086e+01
   8.5710000e-01  -2.0942781e+01
   8.5720000e-01  -3.0274181e+01
   8.5730000e-01  -3.9657200e+01
   8.5740000e-01  -4.9060433e+01
   8.5750000e-01  -5.8457401e+01
   8.5760000e-01  -6.7826276e+01
   8.5770000e-01  -7.7148751e+01
   8.5780000e-01  -8.6409324e+01
   8.5790000e-01  -9.5576036e+01
   8.5800000e-01  -1.0494220e+02
   8.5810000e-01  -1.1423837e+02
   8.5820000e-01  -1.2346024e+02
   8.5830000e-01  -1.3254628e+02
   8.5840000e-01  -1.4145608e+02
   8.5850000e-01  -1.5019084e+02
   8.5860000e-01  -1.5851683e+02
   8.5870000e-01  -1.6684592e+02
   8.5880000e-01  -1.7489612e+02
   8.5890000e-01  -1.8265232e+02
   8.5900000e-01  -1.9015064e+02
   8.5910000e-01  -1.9735411e+02
   8.5920000e-01  -2.0427276e+02
   8.5930000e-01  -2.1091232e+02
   8.5940000e-01  -2.1726339e+02
   8.5950000e-01  -2.2331892e+02
   8.5960000e-01  -2.2907325e+02
   8.5970000e-01  -2.3456732e+02
   8.5980000e-01  -2.4081910e+02
   8.5990000e-01  -2.4703107e+02
   8.6000000e-01  -2.5296765e+02
   8.6010000e-01  -2.3838702e+02
   8.6020000e-01  -2.5611196e+02
   8.6030000e-01  -2.6697670e+02
   8.6040000e-01  -2.7284064e+02
   8.6050000e-01  -2.7762909e+02
   8.6060000e-01  -2.8181482e+02
   8.6070000e-01  -2.8557533e+02
   8.6080000e-01  -2.8899013e+02
   8.6090000e-01  -2.9209912e+02
   8.6100000e-01  -2.9491213e+02
   8.6110000e-01  -2.9743176e+02
   8.6120000e-01  -2.9926669e+02
   8.6130000e-01  -2.9931661e+02
   8.6140000e-01  -2.9937433e+02
   8.6150000e-01  -2.9943880e+02
   8.6160000e-01  -2.9950318e+02
   8.6170000e-01  -2.9957204e+02
   8.6180000e-01  -2.9964089e+02
   8.6190000e-01  -2.9970626e+02
   8.6200000e-01  -2.9976882e+02
   8.6210000e-01  -2.9982737e+02
   8.6220000e-01  -2.9988050e+02
   8.6230000e-01  -2.9992679e+02
   8.6240000e-01  -2.9996476e+02
   8.6250000e-01  -2.9999291e+02
   8.6260000e-01  -3.0000974e+02
   8.6270000e-01  -3.0001374e+02
   8.6280000e-01  -3.0000342e+02
   8.6290000e-01  -2.9997727e+02
   8.6300000e-01  -2.9993198e+02
   8.6310000e-01  -2.9487708e+02
   8.6320000e-01  -2.8684075e+02
   8.6330000e-01  -2.8059255e+02
   8.6340000e-01  -2.7508672e+02
   8.6350000e-01  -2.6983106e+02
   8.6360000e-01  -2.6459305e+02
   8.6370000e-01  -2.5925696e+02
   8.6380000e-01  -2.5376319e+02
   8.6390000e-01  -2.4808048e+02
   8.6400000e-01  -2.4219263e+02
   8.6410000e-01  -2.3609196e+02
   8.6420000e-01  -2.2977585e+02
   8.6430000e-01  -2.2324487e+02
   8.6440000e-01  -2.1650172e+02
   8.6450000e-01  -2.0962938e+02
   8.6460000e-01  -2.0276317e+02
   8.6470000e-01  -1.9579486e+02
   8.6480000e-01  -1.8865757e+02
   8.6490000e-01  -1.8131308e+02
   8.6500000e-01  -1.7374185e+02
   8.6510000e-01  -1.6593571e+02
   8.6520000e-01  -1.5789324e+02
   8.6530000e-01  -1.4961711e+02
   8.6540000e-01  -1.4111250e+02
   8.6550000e-01  -1.3238620e+02
   8.6560000e-01  -1.2344601e+02
   8.6570000e-01  -1.1430044e+02
   8.6580000e-01  -1.0495848e+02
   8.6590000e-01  -9.5428621e+01
   8.6600000e-01  -8.5719325e+01
   8.6610000e-01  -7.5841397e+01
   8.6620000e-01  -6.5805393e+01
   8.6630000e-01  -5.5621815e+01
   8.6640000e-01  -4.5301229e+01
   8.6650000e-01  -3.4854307e+01
   8.6660000e-01  -2.5013563e+01
   8.6670000e-01  -1.5770889e+01
   8.6680000e-01  -6.7130372e+00
   8.6690000e-01   2.3977321e+00
   8.6700000e-01   1.1562784e+01
   8.6710000e-01   2.0846375e+01
   8.6720000e-01   3.0207243e+01
   8.6730000e-01   3.9611633e+01
   8.6740000e-01   4.9029982e+01
   8.6750000e-01   5.8437526e+01
   8.6760000e-01   6.7813697e+01
   8.6770000e-01   7.7141198e+01
   8.6780000e-01   8.6395732e+01
   8.6790000e-01   9.5782243e+01
   8.6800000e-01   1.0526594e+02
   8.6810000e-01   1.1466899e+02
   8.6820000e-01   1.2395226e+02
   8.6830000e-01   1.3307425e+02
   8.6840000e-01   1.4200635e+02
   8.6850000e-01   1.5075674e+02
   8.6860000e-01   1.5909506e+02
   8.6870000e-01   1.6743474e+02
   8.6880000e-01   1.7549556e+02
   8.6890000e-01   1.8326281e+02
   8.6900000e-01   1.9077267e+02
   8.6910000e-01   1.9798801e+02
   8.6920000e-01   2.0491858e+02
   8.6930000e-01   2.1156966e+02
   8.6940000e-01   2.1793132e+02
   8.6950000e-01   2.2399590e+02
   8.6960000e-01   2.2975707e+02
   8.6970000e-01   2.3520926e+02
   8.6980000e-01   2.4034742e+02
   8.6990000e-01   2.4533233e+02
   8.7000000e-01   2.5126031e+02
   8.7010000e-01   2.6991577e+02
   8.7020000e-01   2.6897597e+02
   8.7030000e-01   2.7117219e+02
   8.7040000e-01   2.7455967e+02
   8.7050000e-01   2.7830813e+02
   8.7060000e-01   2.8205625e+02
   8.7070000e-01   2.8564294e+02
   8.7080000e-01   2.8899696e+02
   8.7090000e-01   2.9208604e+02
   8.7100000e-01   2.9489493e+02
   8.7110000e-01   2.9741581e+02
   8.7120000e-01   2.9937158e+02
   8.7130000e-01   2.9942265e+02
   8.7140000e-01   2.9947954e+02
   8.7150000e-01   2.9953795e+02
   8.7160000e-01   2.9959923e+02
   8.7170000e-01   2.9966262e+02
   8.7180000e-01   2.9972675e+02
   8.7190000e-01   2.9979018e+02
   8.7200000e-01   2.9985141e+02
   8.7210000e-01   2.9990895e+02
   8.7220000e-01   2.9996128e+02
   8.7230000e-01   3.0000689e+02
   8.7240000e-01   3.0004425e+02
   8.7250000e-01   3.0007185e+02
   8.7260000e-01   3.0008817e+02
   8.7270000e-01   3.0009168e+02
   8.7280000e-01   3.0008088e+02
   8.7290000e-01   3.0005426e+02
   8.7300000e-01   3.0000783e+02
   8.7310000e-01   2.9411469e+02
   8.7320000e-01   2.8647090e+02
   8.7330000e-01   2.8038983e+02
   8.7340000e-01   2.7496803e+02
   8.7350000e-01   2.6975815e+02
   8.7360000e-01   2.6452981e+02
   8.7370000e-01   2.5923070e+02
   8.7380000e-01   2.5374804e+02
   8.7390000e-01   2.4807132e+02
   8.7400000e-01   2.4218712e+02
   8.7410000e-01   2.3608868e+02
   8.7420000e-01   2.2977414e+02
   8.7430000e-01   2.2324427e+02
   8.7440000e-01   2.1650181e+02
   8.7450000e-01   2.0963310e+02
   8.7460000e-01   2.0273450e+02
   8.7470000e-01   1.9574656e+02
   8.7480000e-01   1.8859896e+02
   8.7490000e-01   1.8124902e+02
   8.7500000e-01   1.7367502e+02
   8.7510000e-01   1.6586750e+02
   8.7520000e-01   1.5782439e+02
   8.7530000e-01   1.4954804e+02
   8.7540000e-01   1.4104347e+02
   8.7550000e-01   1.3231735e+02
   8.7560000e-01   1.2337743e+02
   8.7570000e-01   1.1423217e+02
   8.7580000e-01   1.0489056e+02
   8.7590000e-01   9.5361069e+01
   8.7600000e-01   8.5652156e+01
   8.7610000e-01   7.5774623e+01
   8.7620000e-01   6.5739024e+01
   8.7630000e-01   5.5555862e+01
   8.7640000e-01   4.5235696e+01
   8.7650000e-01   3.4789201e+01
   8.7660000e-01   2.5160443e+01
   8.7670000e-01   1.6040055e+01
   8.7680000e-01   6.9356754e+00
   8.7690000e-01  -2.2283889e+00
   8.7700000e-01  -1.1439968e+01
   8.7710000e-01  -2.0758331e+01
   8.7720000e-01  -3.0144796e+01
   8.7730000e-01  -3.9567499e+01
   8.7740000e-01  -4.8998777e+01
   8.7750000e-01  -5.8415359e+01
   8.7760000e-01  -6.7797824e+01
   8.7770000e-01  -7.7129673e+01
   8.7780000e-01  -8.6397492e+01
   8.7790000e-01  -9.5773660e+01
   8.7800000e-01  -1.0519404e+02
   8.7810000e-01  -1.1457719e+02
   8.7820000e-01  -1.2385006e+02
   8.7830000e-01  -1.3296602e+02
   8.7840000e-01  -1.4189446e+02
   8.7850000e-01  -1.5064231e+02
   8.7860000e-01  -1.5897858e+02
   8.7870000e-01  -1.6731643e+02
   8.7880000e-01  -1.7537532e+02
   8.7890000e-01  -1.8314044e+02
   8.7900000e-01  -1.9064797e+02
   8.7910000e-01  -1.9786079e+02
   8.7920000e-01  -2.0478866e+02
   8.7930000e-01  -2.1143695e+02
   8.7940000e-01  -2.1779579e+02
   8.7950000e-01  -2.2385761e+02
   8.7960000e-01  -2.2961618e+02
   8.7970000e-01  -2.3506607e+02
   8.7980000e-01  -2.4020233e+02
   8.7990000e-01  -2.4558613e+02
   8.8000000e-01  -2.5166200e+02
   8.8010000e-01  -1.9307083e+02
   8.8020000e-01  -2.3565010e+02
   8.8030000e-01  -2.5653498e+02
   8.8040000e-01  -2.6804863e+02
   8.8050000e-01  -2.7534769e+02
   8.8060000e-01  -2.8067346e+02
   8.8070000e-01  -2.8497680e+02
   8.8080000e-01  -2.8866290e+02
   8.8090000e-01  -2.9191025e+02
   8.8100000e-01  -2.9479746e+02
   8.8110000e-01  -2.9735878e+02
   8.8120000e-01  -2.9945424e+02
   8.8130000e-01  -2.9950458e+02
   8.8140000e-01  -2.9956134e+02
   8.8150000e-01  -2.9961955e+02
   8.8160000e-01  -2.9968043e+02
   8.8170000e-01  -2.9974340e+02
   8.8180000e-01  -2.9980711e+02
   8.8190000e-01  -2.9987010e+02
   8.8200000e-01  -2.9993091e+02
   8.8210000e-01  -2.9998801e+02
   8.8220000e-01  -3.0003990e+02
   8.8230000e-01  -3.0008507e+02
   8.8240000e-01  -3.0012200e+02
   8.8250000e-01  -3.0014916e+02
   8.8260000e-01  -3.0016504e+02
   8.8270000e-01  -3.0016811e+02
   8.8280000e-01  -3.0015687e+02
   8.8290000e-01  -3.0012980e+02
   8.8300000e-01  -3.0008213e+02
   8.8310000e-01  -2.9395719e+02
   8.8320000e-01  -2.8633426e+02
   8.8330000e-01  -2.8030081e+02
   8.8340000e-01  -2.7490867e+02
   8.8350000e-01  -2.6971807e+02
   8.8360000e-01  -2.6450250e+02
   8.8370000e-01  -2.5921299e+02
   8.8380000e-01  -2.5373628e+02
   8.8390000e-01  -2.4806374e+02
   8.8400000e-01  -2.4218247e+02
   8.8410000e-01  -2.3608614e+02
   8.8420000e-01  -2.2977295e+02
   8.8430000e-01  -2.2324397e+02
   8.8440000e-01  -2.1650223e+02
   8.8450000e-01  -2.0955199e+02
   8.8460000e-01  -2.0247440e+02
   8.8470000e-01  -1.9540695e+02
   8.8480000e-01  -1.8820888e+02
   8.8490000e-01  -1.8082796e+02
   8.8500000e-01  -1.7323563e+02
   8.8510000e-01  -1.6541745e+02
   8.8520000e-01  -1.5736831e+02
   8.8530000e-01  -1.4908862e+02
   8.8540000e-01  -1.4058222e+02
   8.8550000e-01  -1.3185508e+02
   8.8560000e-01  -1.2291454e+02
   8.8570000e-01  -1.1376885e+02
   8.8580000e-01  -1.0442689e+02
   8.8590000e-01  -9.4897087e+01
   8.8600000e-01  -8.5187936e+01
   8.8610000e-01  -7.5310290e+01
   8.8620000e-01  -6.5274774e+01
   8.8630000e-01  -5.5091988e+01
   8.8640000e-01  -4.4843027e+01
   8.8650000e-01  -3.5300858e+01
   8.8660000e-01  -2.6208003e+01
   8.8670000e-01  -1.7087263e+01
   8.8680000e-01  -7.8582809e+00
   8.8690000e-01   1.5063083e+00
   8.8700000e-01   1.0930153e+01
   8.8710000e-01   2.0402078e+01
   8.8720000e-01   2.9887312e+01
   8.8730000e-01   3.9384235e+01
   8.8740000e-01   4.8869508e+01
   8.8750000e-01   5.8324508e+01
   8.8760000e-01   6.7733948e+01
   8.8770000e-01   7.7084625e+01
   8.8780000e-01   8.6362262e+01
   8.8790000e-01   9.5732119e+01
   8.8800000e-01   1.0520707e+02
   8.8810000e-01   1.1460557e+02
   8.8820000e-01   1.2388664e+02
   8.8830000e-01   1.3300738e+02
   8.8840000e-01   1.4193892e+02
   8.8850000e-01   1.5068912e+02
   8.8860000e-01   1.5902745e+02
   8.8870000e-01   1.6736731e+02
   8.8880000e-01   1.7542838e+02
   8.8890000e-01   1.8319592e+02
   8.8900000e-01   1.9070611e+02
   8.8910000e-01   1.9792179e+02
   8.8920000e-01   2.0485271e+02
   8.8930000e-01   2.1150416e+02
   8.8940000e-01   2.1786621e+02
   8.8950000e-01   2.2393117e+02
   8.8960000e-01   2.2969274e+02
   8.8970000e-01   2.3514533e+02
   8.8980000e-01   2.4028390e+02
   8.8990000e-01   2.4548470e+02
   8.9000000e-01   2.5148434e+02
   8.9010000e-01   2.5738303e+02
   8.9020000e-01   2.6295727e+02
   8.9030000e-01   2.6860709e+02
   8.9040000e-01   2.7306003e+02
   8.9050000e-01   2.7739906e+02
   8.9060000e-01   2.8148520e+02
   8.9070000e-01   2.8527019e+02
   8.9080000e-01   2.8874958e+02
   8.9090000e-01   2.9192012e+02
   8.9100000e-01   2.9478291e+02
   8.9110000e-01   2.9733988e+02
   8.9120000e-01   2.9953443e+02
   8.9130000e-01   2.9958399e+02
   8.9140000e-01   2.9964079e+02
   8.9150000e-01   2.9970102e+02
   8.9160000e-01   2.9976501e+02
   8.9170000e-01   2.9983154e+02
   8.9180000e-01   2.9989918e+02
   8.9190000e-01   2.9996639e+02
   8.9200000e-01   3.0003156e+02
   8.9210000e-01   3.0009307e+02
   8.9220000e-01   3.0014924e+02
   8.9230000e-01   3.0019840e+02
   8.9240000e-01   3.0023884e+02
   8.9250000e-01   3.0026884e+02
   8.9260000e-01   3.0028666e+02
   8.9270000e-01   3.0029056e+02
   8.9280000e-01   3.0027879e+02
   8.9290000e-01   3.0024834e+02
   8.9300000e-01   3.0019548e+02
   8.9310000e-01   2.9312966e+02
   8.9320000e-01   2.8591536e+02
   8.9330000e-01   2.8007881e+02
   8.9340000e-01   2.7478374e+02
   8.9350000e-01   2.6964387e+02
   8.9360000e-01   2.6447296e+02
   8.9370000e-01   2.5917758e+02
   8.9380000e-01   2.5370946e+02
   8.9390000e-01   2.4804336e+02
   8.9400000e-01   2.4216649e+02
   8.9410000e-01   2.3607318e+02
   8.9420000e-01   2.2976203e+02
   8.9430000e-01   2.2323443e+02
   8.9440000e-01   2.1649356e+02
   8.9450000e-01   2.0954388e+02
   8.9460000e-01   2.0239080e+02
   8.9470000e-01   1.9504034e+02
   8.9480000e-01   1.8749906e+02
   8.9490000e-01   1.7977414e+02
   8.9500000e-01   1.7187245e+02
   8.9510000e-01   1.6380181e+02
   8.9520000e-01   1.5557004e+02
   8.9530000e-01   1.4718514e+02
   8.9540000e-01   1.3865532e+02
   8.9550000e-01   1.2998895e+02
   8.9560000e-01   1.2119454e+02
   8.9570000e-01   1.1228074e+02
   8.9580000e-01   1.0325625e+02
   8.9590000e-01   9.4127979e+01
   8.9600000e-01   8.4906012e+01
   8.9610000e-01   7.5599962e+01
   8.9620000e-01   6.6219234e+01
   8.9630000e-01   5.6773182e+01
   8.9640000e-01   4.7271174e+01
   8.9650000e-01   3.7722608e+01
   8.9660000e-01   2.8136919e+01
   8.9670000e-01   1.8523573e+01
   8.9680000e-01   8.8920624e+00
   8.9690000e-01  -7.4810636e-01
   8.9700000e-01  -1.0387417e+01
   8.9710000e-01  -2.0016356e+01
   8.9720000e-01  -2.9625420e+01
   8.9730000e-01  -3.9205127e+01
   8.9740000e-01  -4.8746024e+01
   8.9750000e-01  -5.8238698e+01
   8.9760000e-01  -6.7673781e+01
   8.9770000e-01  -7.7041968e+01
   8.9780000e-01  -8.6334836e+01
   8.9790000e-01  -9.5693187e+01
   8.9800000e-01  -1.0515344e+02
   8.9810000e-01  -1.1454413e+02
   8.9820000e-01  -1.2382105e+02
   8.9830000e-01  -1.3293969e+02
   8.9840000e-01  -1.4187017e+02
   8.9850000e-01  -1.5061985e+02
   8.9860000e-01  -1.5895799e+02
   8.9870000e-01  -1.6729789e+02
   8.9880000e-01  -1.7535909e+02
   8.9890000e-01  -1.8312683e+02
   8.9900000e-01  -1.9063724e+02
   8.9910000e-01  -1.9785319e+02
   8.9920000e-01  -2.0478439e+02
   8.9930000e-01  -2.1143613e+02
   8.9940000e-01  -2.1779848e+02
   8.9950000e-01  -2.2386376e+02
   8.9960000e-01  -2.2962565e+02
   8.9970000e-01  -2.3507858e+02
   8.9980000e-01  -2.4021748e+02
   8.9990000e-01  -2.4558581e+02
   9.0000000e-01  -2.5165266e+02
   9.0010000e-01  -2.7559290e+02
   9.0020000e-01  -2.7197824e+02
   9.0030000e-01  -2.7286278e+02
   9.0040000e-01  -2.7555997e+02
   9.0050000e-01  -2.7892526e+02
   9.0060000e-01  -2.8244976e+02
   9.0070000e-01  -2.8590011e+02
   9.0080000e-01  -2.8916800e+02
   9.0090000e-01  -2.9220123e+02
   9.0100000e-01  -2.9497318e+02
   9.0110000e-01  -2.9746935e+02
   9.0120000e-01  -2.9954052e+02
   9.0130000e-01  -2.9958886e+02
   9.0140000e-01  -2.9964497e+02
   9.0150000e-01  -2.9970775e+02
   9.0160000e-01  -2.9977592e+02
   9.0170000e-01  -2.9984806e+02
   9.0180000e-01  -2.9992264e+02
   9.0190000e-01  -2.9999799e+02
   9.0200000e-01  -3.0007238e+02
   9.0210000e-01  -3.0013756e+02
   9.0220000e-01  -3.0019055e+02
   9.0230000e-01  -3.0023648e+02
   9.0240000e-01  -3.0027371e+02
   9.0250000e-01  -3.0030080e+02
   9.0260000e-01  -3.0031634e+02
   9.0270000e-01  -3.0031891e+02
   9.0280000e-01  -3.0030705e+02
   9.0290000e-01  -3.0027928e+02
   9.0300000e-01  -3.0023057e+02
   9.0310000e-01  -2.9306270e+02
   9.0320000e-01  -2.8588434e+02
   9.0330000e-01  -2.8006511e+02
   9.0340000e-01  -2.7477852e+02
   9.0350000e-01  -2.6964305e+02
   9.0360000e-01  -2.6447460e+02
   9.0370000e-01  -2.5918071e+02
   9.0380000e-01  -2.5371353e+02
   9.0390000e-01  -2.4804808e+02
   9.0400000e-01  -2.4217168e+02
   9.0410000e-01  -2.3607873e+02
   9.0420000e-01  -2.2976786e+02
   9.0430000e-01  -2.2324050e+02
   9.0440000e-01  -2.1649984e+02
   9.0450000e-01  -2.0955036e+02
   9.0460000e-01  -2.0249623e+02
   9.0470000e-01  -1.9538349e+02
   9.0480000e-01  -1.8816085e+02
   9.0490000e-01  -1.8076777e+02
   9.0500000e-01  -1.7316960e+02
   9.0510000e-01  -1.6534857e+02
   9.0520000e-01  -1.5729810e+02
   9.0530000e-01  -1.4901787e+02
   9.0540000e-01  -1.4051137e+02
   9.0550000e-01  -1.3178437e+02
   9.0560000e-01  -1.2284412e+02
   9.0570000e-01  -1.1369881e+02
   9.0580000e-01  -1.0435728e+02
   9.0590000e-01  -9.4827947e+01
   9.0600000e-01  -8.5119302e+01
   9.0610000e-01  -7.5242186e+01
   9.0620000e-01  -6.5207223e+01
   9.0630000e-01  -5.5025006e+01
   9.0640000e-01  -4.5389827e+01
   9.0650000e-01  -3.5709689e+01
   9.0660000e-01  -2.6473422e+01
   9.0670000e-01  -1.7262291e+01
   9.0680000e-01  -7.9755175e+00
   9.0690000e-01   1.4268246e+00
   9.0700000e-01   1.0879308e+01
   9.0710000e-01   2.0352654e+01
   9.0720000e-01   2.9856073e+01
   9.0730000e-01   3.9364124e+01
   9.0740000e-01   4.8856200e+01
   9.0750000e-01   5.8315511e+01
   9.0760000e-01   6.7727760e+01
   9.0770000e-01   7.7080306e+01
   9.0780000e-01   8.6361640e+01
   9.0790000e-01   9.5895384e+01
   9.0800000e-01   1.0523234e+02
   9.0810000e-01   1.1456290e+02
   9.0820000e-01   1.2379944e+02
   9.0830000e-01   1.3289892e+02
   9.0840000e-01   1.4182035e+02
   9.0850000e-01   1.5056554e+02
   9.0860000e-01   1.5890154e+02
   9.0870000e-01   1.6724078e+02
   9.0880000e-01   1.7530178e+02
   9.0890000e-01   1.8306960e+02
   9.0900000e-01   1.9058026e+02
   9.0910000e-01   1.9779650e+02
   9.0920000e-01   2.0472805e+02
   9.0930000e-01   2.1138018e+02
   9.0940000e-01   2.1774294e+02
   9.0950000e-01   2.2380864e+02
   9.0960000e-01   2.2957096e+02
   9.0970000e-01   2.3502434e+02
   9.0980000e-01   2.4016370e+02
   9.0990000e-01   2.4588614e+02
   9.1000000e-01   2.5189409e+02
   9.1010000e-01   2.5543447e+02
   9.1020000e-01   2.6289783e+02
   9.1030000e-01   2.6993522e+02
   9.1040000e-01   2.7379791e+02
   9.1050000e-01   2.7778363e+02
   9.1060000e-01   2.8172234e+02
   9.1070000e-01   2.8542265e+02
   9.1080000e-01   2.8885063e+02
   9.1090000e-01   2.9198862e+02
   9.1100000e-01   2.9483015e+02
   9.1110000e-01   2.9737295e+02
   9.1120000e-01   2.9961608e+02
   9.1130000e-01   2.9973999e+02
   9.1140000e-01   2.9979909e+02
   9.1150000e-01   2.9985903e+02
   9.1160000e-01   2.9992270e+02
   9.1170000e-01   2.9998941e+02
   9.1180000e-01   3.0005788e+02
   9.1190000e-01   3.0012659e+02
   9.1200000e-01   3.0019395e+02
   9.1210000e-01   3.0025831e+02
   9.1220000e-01   3.0031793e+02
   9.1230000e-01   3.0037103e+02
   9.1240000e-01   3.0041581e+02
   9.1250000e-01   3.0045039e+02
   9.1260000e-01   3.0047287e+02
   9.1270000e-01   3.0048130e+02
   9.1280000e-01   3.0047373e+02
   9.1290000e-01   3.0044815e+02
   9.1300000e-01   3.0040008e+02
   9.1310000e-01   2.9224703e+02
   9.1320000e-01   2.8544359e+02
   9.1330000e-01   2.7981306e+02
   9.1340000e-01   2.7462600e+02
   9.1350000e-01   2.6954627e+02
   9.1360000e-01   2.6439385e+02
   9.1370000e-01   2.5914134e+02
   9.1380000e-01   2.5368790e+02
   9.1390000e-01   2.4803021e+02
   9.1400000e-01   2.4215858e+02
   9.1410000e-01   2.3606860e+02
   9.1420000e-01   2.2975961e+02
   9.1430000e-01   2.2323348e+02
   9.1440000e-01   2.1649353e+02
   9.1450000e-01   2.0961171e+02
   9.1460000e-01   2.0269722e+02
   9.1470000e-01   1.9569775e+02
   9.1480000e-01   1.8854352e+02
   9.1490000e-01   1.8118969e+02
   9.1500000e-01   1.7361349e+02
   9.1510000e-01   1.6580469e+02
   9.1520000e-01   1.5776085e+02
   9.1530000e-01   1.4948409e+02
   9.1540000e-01   1.4097929e+02
   9.1550000e-01   1.3225305e+02
   9.1560000e-01   1.2331309e+02
   9.1570000e-01   1.1416783e+02
   9.1580000e-01   1.0482625e+02
   9.1590000e-01   9.5296807e+01
   9.1600000e-01   8.5587963e+01
   9.1610000e-01   7.5710515e+01
   9.1620000e-01   6.5675014e+01
   9.1630000e-01   5.5491960e+01
   9.1640000e-01   4.5171913e+01
   9.1650000e-01   3.4835285e+01
   9.1660000e-01   2.5128980e+01
   9.1670000e-01   1.6031958e+01
   9.1680000e-01   7.0041707e+00
   9.1690000e-01  -2.1543463e+00
   9.1700000e-01  -1.1490715e+01
   9.1710000e-01  -2.0789903e+01
   9.1720000e-01  -3.0164301e+01
   9.1730000e-01  -3.9573077e+01
   9.1740000e-01  -4.9001575e+01
   9.1750000e-01  -5.8419407e+01
   9.1760000e-01  -6.7804116e+01
   9.1770000e-01  -7.7138134e+01
   9.1780000e-01  -8.6406919e+01
   9.1790000e-01  -9.5598217e+01
   9.1800000e-01  -1.0485702e+02
   9.1810000e-01  -1.1412824e+02
   9.1820000e-01  -1.2333579e+02
   9.1830000e-01  -1.3241339e+02
   9.1840000e-01  -1.4131856e+02
   9.1850000e-01  -1.5005105e+02
   9.1860000e-01  -1.5837612e+02
   9.1870000e-01  -1.6670577e+02
   9.1880000e-01  -1.7475701e+02
   9.1890000e-01  -1.8251465e+02
   9.1900000e-01  -1.9001475e+02
   9.1910000e-01  -1.9722010e+02
   9.1920000e-01  -2.0414086e+02
   9.1930000e-01  -2.1078267e+02
   9.1940000e-01  -2.1713611e+02
   9.1950000e-01  -2.2319411e+02
   9.1960000e-01  -2.2895102e+02
   9.1970000e-01  -2.3476989e+02
   9.1980000e-01  -2.4111560e+02
   9.1990000e-01  -2.4726100e+02
   9.2000000e-01  -2.5320210e+02
   9.2010000e-01  -2.7778974e+02
   9.2020000e-01  -2.7256517e+02
   9.2030000e-01  -2.7335676e+02
   9.2040000e-01  -2.7547301e+02
   9.2050000e-01  -2.7867723e+02
   9.2060000e-01  -2.8219592e+02
   9.2070000e-01  -2.8568949e+02
   9.2080000e-01  -2.8900756e+02
   9.2090000e-01  -2.9208418e+02
   9.2100000e-01  -2.9488980e+02
   9.2110000e-01  -2.9741042e+02
   9.2120000e-01  -2.9963963e+02
   9.2130000e-01  -2.9974432e+02
   9.2140000e-01  -2.9979971e+02
   9.2150000e-01  -2.9986094e+02
   9.2160000e-01  -2.9992655e+02
   9.2170000e-01  -2.9999503e+02
   9.2180000e-01  -3.0006477e+02
   9.2190000e-01  -3.0013411e+02
   9.2200000e-01  -3.0020135e+02
   9.2210000e-01  -3.0026474e+02
   9.2220000e-01  -3.0032251e+02
   9.2230000e-01  -3.0037284e+02
   9.2240000e-01  -3.0041391e+02
   9.2250000e-01  -3.0044385e+02
   9.2260000e-01  -3.0046078e+02
   9.2270000e-01  -3.0046256e+02
   9.2280000e-01  -3.0044790e+02
   9.2290000e-01  -3.0041441e+02
   9.2300000e-01  -3.0036026e+02
   9.2310000e-01  -2.9218312e+02
   9.2320000e-01  -2.8541723e+02
   9.2330000e-01  -2.7980042e+02
   9.2340000e-01  -2.7461947e+02
   9.2350000e-01  -2.6954264e+02
   9.2360000e-01  -2.6439170e+02
   9.2370000e-01  -2.5913995e+02
   9.2380000e-01  -2.5368702e+02
   9.2390000e-01  -2.4802969e+02
   9.2400000e-01  -2.4215834e+02
   9.2410000e-01  -2.3606861e+02
   9.2420000e-01  -2.2975990e+02
   9.2430000e-01  -2.2323395e+02
   9.2440000e-01  -2.1649427e+02
   9.2450000e-01  -2.0954535e+02
   9.2460000e-01  -2.0239301e+02
   9.2470000e-01  -1.9504296e+02
   9.2480000e-01  -1.8750203e+02
   9.2490000e-01  -1.7977773e+02
   9.2500000e-01  -1.7187606e+02
   9.2510000e-01  -1.6380554e+02
   9.2520000e-01  -1.5557391e+02
   9.2530000e-01  -1.4718917e+02
   9.2540000e-01  -1.3865950e+02
   9.2550000e-01  -1.2999328e+02
   9.2560000e-01  -1.2119901e+02
   9.2570000e-01  -1.1228534e+02
   9.2580000e-01  -1.0326098e+02
   9.2590000e-01  -9.4132836e+01
   9.2600000e-01  -8.4910986e+01
   9.2610000e-01  -7.5605050e+01
   9.2620000e-01  -6.6224426e+01
   9.2630000e-01  -5.6778477e+01
   9.2640000e-01  -4.7276567e+01
   9.2650000e-01  -3.7728094e+01
   9.2660000e-01  -2.8142494e+01
   9.2670000e-01  -1.8529234e+01
   9.2680000e-01  -8.8978034e+00
   9.2690000e-01   7.4229005e-01
   9.2700000e-01   1.0381531e+01
   9.2710000e-01   2.0010401e+01
   9.2720000e-01   2.9619406e+01
   9.2730000e-01   3.9199058e+01
   9.2740000e-01   4.8739902e+01
   9.2750000e-01   5.8232529e+01
   9.2760000e-01   6.7667573e+01
   9.2770000e-01   7.7035729e+01
   9.2780000e-01   8.6327746e+01
   9.2790000e-01   9.5831619e+01
   9.2800000e-01   1.0516608e+02
   9.2810000e-01   1.1450726e+02
   9.2820000e-01   1.2376088e+02
   9.2830000e-01   1.3286809e+02
   9.2840000e-01   1.4179260e+02
   9.2850000e-01   1.5053869e+02
   9.2860000e-01   1.5887443e+02
   9.2870000e-01   1.6721236e+02
   9.2880000e-01   1.7518680e+02
   9.2890000e-01   1.8299446e+02
   9.2900000e-01   1.9051861e+02
   9.2910000e-01   1.9777012e+02
   9.2920000e-01   2.0471010e+02
   9.2930000e-01   2.1135797e+02
   9.2940000e-01   2.1771938e+02
   9.2950000e-01   2.2378493e+02
   9.2960000e-01   2.2954724e+02
   9.2970000e-01   2.3500028e+02
   9.2980000e-01   2.4000351e+02
   9.2990000e-01   2.4585323e+02
   9.3000000e-01   2.5190177e+02
   9.3010000e-01   2.5348648e+02
   9.3020000e-01   2.6259446e+02
   9.3030000e-01   2.6975714e+02
   9.3040000e-01   2.7404289e+02
   9.3050000e-01   2.7816472e+02
   9.3060000e-01   2.8205483e+02
   9.3070000e-01   2.8568308e+02
   9.3080000e-01   2.8903814e+02
   9.3090000e-01   2.9211929e+02
   9.3100000e-01   2.9491902e+02
   9.3110000e-01   2.9743185e+02
   9.3120000e-01   2.9965397e+02
   9.3130000e-01   2.9988714e+02
   9.3140000e-01   2.9993961e+02
   9.3150000e-01   2.9999760e+02
   9.3160000e-01   3.0005972e+02
   9.3170000e-01   3.0012449e+02
   9.3180000e-01   3.0018621e+02
   9.3190000e-01   3.0024682e+02
   9.3200000e-01   3.0030529e+02
   9.3210000e-01   3.0036016e+02
   9.3220000e-01   3.0040989e+02
   9.3230000e-01   3.0045294e+02
   9.3240000e-01   3.0048777e+02
   9.3250000e-01   3.0051286e+02
   9.3260000e-01   3.0052666e+02
   9.3270000e-01   3.0052767e+02
   9.3280000e-01   3.0051436e+02
   9.3290000e-01   3.0048488e+02
   9.3300000e-01   3.0043298e+02
   9.3310000e-01   2.9166213e+02
   9.3320000e-01   2.8513747e+02
   9.3330000e-01   2.7964074e+02
   9.3340000e-01   2.7452301e+02
   9.3350000e-01   2.6948135e+02
   9.3360000e-01   2.6435123e+02
   9.3370000e-01   2.5911311e+02
   9.3380000e-01   2.5366830e+02
   9.3390000e-01   2.4801647e+02
   9.3400000e-01   2.4214894e+02
   9.3410000e-01   2.3606180e+02
   9.3420000e-01   2.2975487e+02
   9.3430000e-01   2.2323017e+02
   9.3440000e-01   2.1649140e+02
   9.3450000e-01   2.0954324e+02
   9.3460000e-01   2.0239131e+02
   9.3470000e-01   1.9504171e+02
   9.3480000e-01   1.8750108e+02
   9.3490000e-01   1.7977663e+02
   9.3500000e-01   1.7187542e+02
   9.3510000e-01   1.6380518e+02
   9.3520000e-01   1.5557375e+02
   9.3530000e-01   1.4718916e+02
   9.3540000e-01   1.3865962e+02
   9.3550000e-01   1.2999352e+02
   9.3560000e-01   1.2119936e+02
   9.3570000e-01   1.1228580e+02
   9.3580000e-01   1.0326154e+02
   9.3590000e-01   9.4133485e+01
   9.3600000e-01   8.4911730e+01
   9.3610000e-01   7.5605884e+01
   9.3620000e-01   6.6225352e+01
   9.3630000e-01   5.6779490e+01
   9.3640000e-01   4.7277664e+01
   9.3650000e-01   3.7729271e+01
   9.3660000e-01   2.8143749e+01
   9.3670000e-01   1.8530562e+01
   9.3680000e-01   8.8992046e+00
   9.3690000e-01  -7.7700613e-01
   9.3700000e-01  -1.0402336e+01
   9.3710000e-01  -2.0023355e+01
   9.3720000e-01  -2.9628833e+01
   9.3730000e-01  -3.9206895e+01
   9.3740000e-01  -4.8747011e+01
   9.3750000e-01  -5.8239298e+01
   9.3760000e-01  -6.7674179e+01
   9.3770000e-01  -7.7042251e+01
   9.3780000e-01  -8.6334237e+01
   9.3790000e-01  -9.5540941e+01
   9.3800000e-01  -1.0476173e+02
   9.3810000e-01  -1.1399239e+02
   9.3820000e-01  -1.2317770e+02
   9.3830000e-01  -1.3224351e+02
   9.3840000e-01  -1.4114270e+02
   9.3850000e-01  -1.4987241e+02
   9.3860000e-01  -1.5819686e+02
   9.3870000e-01  -1.6652707e+02
   9.3880000e-01  -1.7457959e+02
   9.3890000e-01  -1.8233911e+02
   9.3900000e-01  -1.8984136e+02
   9.3910000e-01  -1.9704918e+02
   9.3920000e-01  -2.0397257e+02
   9.3930000e-01  -2.1061720e+02
   9.3940000e-01  -2.1697360e+02
   9.3950000e-01  -2.2303470e+02
   9.3960000e-01  -2.2882627e+02
   9.3970000e-01  -2.3522547e+02
   9.3980000e-01  -2.4154865e+02
   9.3990000e-01  -2.4765437e+02
   9.4000000e-01  -2.5346438e+02
   9.4010000e-01  -2.2542478e+02
   9.4020000e-01  -2.4972646e+02
   9.4030000e-01  -2.6276350e+02
   9.4040000e-01  -2.7083250e+02
   9.4050000e-01  -2.7662685e+02
   9.4060000e-01  -2.8128486e+02
   9.4070000e-01  -2.8528050e+02
   9.4080000e-01  -2.8882102e+02
   9.4090000e-01  -2.9199723e+02
   9.4100000e-01  -2.9484827e+02
   9.4110000e-01  -2.9739001e+02
   9.4120000e-01  -2.9962951e+02
   9.4130000e-01  -2.9996163e+02
   9.4140000e-01  -3.0001754e+02
   9.4150000e-01  -3.0007401e+02
   9.4160000e-01  -3.0013269e+02
   9.4170000e-01  -3.0019339e+02
   9.4180000e-01  -3.0025479e+02
   9.4190000e-01  -3.0031546e+02
   9.4200000e-01  -3.0037391e+02
   9.4210000e-01  -3.0042864e+02
   9.4220000e-01  -3.0047815e+02
   9.4230000e-01  -3.0052093e+02
   9.4240000e-01  -3.0055545e+02
   9.4250000e-01  -3.0058019e+02
   9.4260000e-01  -3.0059364e+02
   9.4270000e-01  -3.0059427e+02
   9.4280000e-01  -3.0058058e+02
   9.4290000e-01  -3.0055073e+02
   9.4300000e-01  -3.0020059e+02
   9.4310000e-01  -2.9134895e+02
   9.4320000e-01  -2.8497341e+02
   9.4330000e-01  -2.7955207e+02
   9.4340000e-01  -2.7447375e+02
   9.4350000e-01  -2.6945383e+02
   9.4360000e-01  -2.6435287e+02
   9.4370000e-01  -2.5910018e+02
   9.4380000e-01  -2.5365909e+02
   9.4390000e-01  -2.4801060e+02
   9.4400000e-01  -2.4214542e+02
   9.4410000e-01  -2.3605999e+02
   9.4420000e-01  -2.2975421e+02
   9.4430000e-01  -2.2323029e+02
   9.4440000e-01  -2.1649198e+02
   9.4450000e-01  -2.0954410e+02
   9.4460000e-01  -2.0246627e+02
   9.4470000e-01  -1.9534218e+02
   9.4480000e-01  -1.8811011e+02
   9.4490000e-01  -1.8071161e+02
   9.4500000e-01  -1.7311007e+02
   9.4510000e-01  -1.6528719e+02
   9.4520000e-01  -1.5723577e+02
   9.4530000e-01  -1.4895514e+02
   9.4540000e-01  -1.4044856e+02
   9.4550000e-01  -1.3172169e+02
   9.4560000e-01  -1.2278170e+02
   9.4570000e-01  -1.1363672e+02
   9.4580000e-01  -1.0429559e+02
   9.4590000e-01  -9.4766687e+01
   9.4600000e-01  -8.5058503e+01
   9.4610000e-01  -7.5181874e+01
   9.4620000e-01  -6.5147416e+01
   9.4630000e-01  -5.4965723e+01
   9.4640000e-01  -4.5212938e+01
   9.4650000e-01  -3.5897646e+01
   9.4660000e-01  -2.6626163e+01
   9.4670000e-01  -1.7382369e+01
   9.4680000e-01  -8.0642708e+00
   9.4690000e-01   1.3671447e+00
   9.4700000e-01   1.0837475e+01
   9.4710000e-01   2.0327236e+01
   9.4720000e-01   2.9841903e+01
   9.4730000e-01   3.9357622e+01
   9.4740000e-01   4.8854945e+01
   9.4750000e-01   5.8317858e+01
   9.4760000e-01   6.7732583e+01
   9.4770000e-01   7.7086830e+01
   9.4780000e-01   8.6369333e+01
   9.4790000e-01   9.5811702e+01
   9.4800000e-01   1.0513888e+02
   9.4810000e-01   1.1447417e+02
   9.4820000e-01   1.2372373e+02
   9.4830000e-01   1.3282830e+02
   9.4840000e-01   1.4175123e+02
   9.4850000e-01   1.5049642e+02
   9.4860000e-01   1.5883153e+02
   9.4870000e-01   1.6716942e+02
   9.4880000e-01   1.7522871e+02
   9.4890000e-01   1.8299448e+02
   9.4900000e-01   1.9050283e+02
   9.4910000e-01   1.9771651e+02
   9.4920000e-01   2.0464535e+02
   9.4930000e-01   2.1129465e+02
   9.4940000e-01   2.1765455e+02
   9.4950000e-01   2.2371746e+02
   9.4960000e-01   2.2947716e+02
   9.4970000e-01   2.3492819e+02
   9.4980000e-01   2.4011017e+02
   9.4990000e-01   2.4610336e+02
   9.5000000e-01   2.5214093e+02
   9.5010000e-01   2.7400076e+02
   9.5020000e-01   2.7032350e+02
   9.5030000e-01   2.7220810e+02
   9.5040000e-01   2.7465596e+02
   9.5050000e-01   2.7810389e+02
   9.5060000e-01   2.8179622e+02
   9.5070000e-01   2.8541301e+02
   9.5080000e-01   2.8881747e+02
   9.5090000e-01   2.9195409e+02
   9.5100000e-01   2.9480119e+02
   9.5110000e-01   2.9735067e+02
   9.5120000e-01   2.9959963e+02
   9.5130000e-01   3.0002932e+02
   9.5140000e-01   3.0008496e+02
   9.5150000e-01   3.0014314e+02
   9.5160000e-01   3.0020479e+02
   9.5170000e-01   3.0026885e+02
   9.5180000e-01   3.0033394e+02
   9.5190000e-01   3.0039855e+02
   9.5200000e-01   3.0046109e+02
   9.5210000e-01   3.0051993e+02
   9.5220000e-01   3.0057341e+02
   9.5230000e-01   3.0061985e+02
   9.5240000e-01   3.0065753e+02
   9.5250000e-01   3.0068475e+02
   9.5260000e-01   3.0069976e+02
   9.5270000e-01   3.0070082e+02
   9.5280000e-01   3.0068619e+02
   9.5290000e-01   3.0065146e+02
   9.5300000e-01   2.9926260e+02
   9.5310000e-01   2.9095199e+02
   9.5320000e-01   2.8475674e+02
   9.5330000e-01   2.7942721e+02
   9.5340000e-01   2.7439744e+02
   9.5350000e-01   2.6940452e+02
   9.5360000e-01   2.6430260e+02
   9.5370000e-01   2.5908083e+02
   9.5380000e-01   2.5364674e+02
   9.5390000e-01   2.4800162e+02
   9.5400000e-01   2.4213827e+02
   9.5410000e-01   2.3605378e+02
   9.5420000e-01   2.2974862e+02
   9.5430000e-01   2.2322501e+02
   9.5440000e-01   2.1648685e+02
   9.5450000e-01   2.0958581e+02
   9.5460000e-01   2.0263640e+02
   9.5470000e-01   1.9562905e+02
   9.5480000e-01   1.8848114e+02
   9.5490000e-01   1.8112926e+02
   9.5500000e-01   1.7355327e+02
   9.5510000e-01   1.6574426e+02
   9.5520000e-01   1.5770023e+02
   9.5530000e-01   1.4942341e+02
   9.5540000e-01   1.4091866e+02
   9.5550000e-01   1.3219258e+02
   9.5560000e-01   1.2325283e+02
   9.5570000e-01   1.1410785e+02
   9.5580000e-01   1.0476657e+02
   9.5590000e-01   9.5237462e+01
   9.5600000e-01   8.5528967e+01
   9.5610000e-01   7.5651885e+01
   9.5620000e-01   6.5616761e+01
   9.5630000e-01   5.5434093e+01
   9.5640000e-01   4.5114442e+01
   9.5650000e-01   3.4745083e+01
   9.5660000e-01   2.5221058e+01
   9.5670000e-01   1.6190695e+01
   9.5680000e-01   7.1455365e+00
   9.5690000e-01  -2.0111489e+00
   9.5700000e-01  -1.1283718e+01
   9.5710000e-01  -2.0645844e+01
   9.5720000e-01  -3.0065190e+01
   9.5730000e-01  -3.9511767e+01
   9.5740000e-01  -4.8959972e+01
   9.5750000e-01  -5.8388398e+01
   9.5760000e-01  -6.7779072e+01
   9.5770000e-01  -7.7116611e+01
   9.5780000e-01  -8.6387512e+01
   9.5790000e-01  -9.5790587e+01
   9.5800000e-01  -1.0512815e+02
   9.5810000e-01  -1.1446791e+02
   9.5820000e-01  -1.2371900e+02
   9.5830000e-01  -1.3282419e+02
   9.5840000e-01  -1.4174764e+02
   9.5850000e-01  -1.5049357e+02
   9.5860000e-01  -1.5882985e+02
   9.5870000e-01  -1.6716919e+02
   9.5880000e-01  -1.7523031e+02
   9.5890000e-01  -1.8299833e+02
   9.5900000e-01  -1.9050922e+02
   9.5910000e-01  -1.9772573e+02
   9.5920000e-01  -2.0465757e+02
   9.5930000e-01  -2.1131002e+02
   9.5940000e-01  -2.1767311e+02
   9.5950000e-01  -2.2373916e+02
   9.5960000e-01  -2.2950184e+02
   9.5970000e-01  -2.3495559e+02
   9.5980000e-01  -2.4013004e+02
   9.5990000e-01  -2.4606160e+02
   9.6000000e-01  -2.5208812e+02
   9.6010000e-01  -2.7026941e+02
   9.6020000e-01  -2.6935126e+02
   9.6030000e-01  -2.7148555e+02
   9.6040000e-01  -2.7479894e+02
   9.6050000e-01  -2.7848382e+02
   9.6060000e-01  -2.8218185e+02
   9.6070000e-01  -2.8573131e+02
   9.6080000e-01  -2.8905849e+02
   9.6090000e-01  -2.9212862e+02
   9.6100000e-01  -2.9492422e+02
   9.6110000e-01  -2.9743584e+02
   9.6120000e-01  -2.9965778e+02
   9.6130000e-01  -3.0003548e+02
   9.6140000e-01  -3.0008893e+02
   9.6150000e-01  -3.0014888e+02
   9.6160000e-01  -3.0021408e+02
   9.6170000e-01  -3.0028313e+02
   9.6180000e-01  -3.0035449e+02
   9.6190000e-01  -3.0042653e+02
   9.6200000e-01  -3.0049749e+02
   9.6210000e-01  -3.0055784e+02
   9.6220000e-01  -3.0060850e+02
   9.6230000e-01  -3.0065202e+02
   9.6240000e-01  -3.0068682e+02
   9.6250000e-01  -3.0071150e+02
   9.6260000e-01  -3.0072467e+02
   9.6270000e-01  -3.0072487e+02
   9.6280000e-01  -3.0071065e+02
   9.6290000e-01  -3.0067998e+02
   9.6300000e-01  -2.9928607e+02
   9.6310000e-01  -2.9097251e+02
   9.6320000e-01  -2.8475915e+02
   9.6330000e-01  -2.7942356e+02
   9.6340000e-01  -2.7439316e+02
   9.6350000e-01  -2.6940138e+02
   9.6360000e-01  -2.6430087e+02
   9.6370000e-01  -2.5908059e+02
   9.6380000e-01  -2.5364769e+02
   9.6390000e-01  -2.4800351e+02
   9.6400000e-01  -2.4214092e+02
   9.6410000e-01  -2.3605711e+02
   9.6420000e-01  -2.2975239e+02
   9.6430000e-01  -2.2322919e+02
   9.6440000e-01  -2.1649141e+02
   9.6450000e-01  -2.0956820e+02
   9.6460000e-01  -2.0261353e+02
   9.6470000e-01  -1.9559133e+02
   9.6480000e-01  -1.8843510e+02
   9.6490000e-01  -1.8107877e+02
   9.6500000e-01  -1.7350033e+02
   9.6510000e-01  -1.6569014e+02
   9.6520000e-01  -1.5764566e+02
   9.6530000e-01  -1.4936880e+02
   9.6540000e-01  -1.4086427e+02
   9.6550000e-01  -1.3213855e+02
   9.6560000e-01  -1.2319925e+02
   9.6570000e-01  -1.1405477e+02
   9.6580000e-01  -1.0471403e+02
   9.6590000e-01  -9.5185461e+01
   9.6600000e-01  -8.5477525e+01
   9.6610000e-01  -7.5601009e+01
   9.6620000e-01  -6.5566452e+01
   9.6630000e-01  -5.5384356e+01
   9.6640000e-01  -4.5065275e+01
   9.6650000e-01  -3.5254537e+01
   9.6660000e-01  -2.5627657e+01
   9.6670000e-01  -1.6449607e+01
   9.6680000e-01  -7.3189989e+00
   9.6690000e-01   1.9249319e+00
   9.6700000e-01   1.1333158e+01
   9.6710000e-01   2.0646893e+01
   9.6720000e-01   3.0054851e+01
   9.6730000e-01   3.9501005e+01
   9.6740000e-01   4.8952054e+01
   9.6750000e-01   5.8383800e+01
   9.6760000e-01   6.7777363e+01
   9.6770000e-01   7.7117165e+01
   9.6780000e-01   8.6389772e+01
   9.6790000e-01   9.5583183e+01
   9.6800000e-01   1.0466090e+02
   9.6810000e-01   1.1390144e+02
   9.6820000e-01   1.2309246e+02
   9.6830000e-01   1.3214612e+02
   9.6840000e-01   1.4103802e+02
   9.6850000e-01   1.4976372e+02
   9.6860000e-01   1.5808621e+02
   9.6870000e-01   1.6641618e+02
   9.6880000e-01   1.7446914e+02
   9.6890000e-01   1.8222963e+02
   9.6900000e-01   1.8973324e+02
   9.6910000e-01   1.9694255e+02
   9.6920000e-01   2.0386766e+02
   9.6930000e-01   2.1051413e+02
   9.6940000e-01   2.1687251e+02
   9.6950000e-01   2.2293569e+02
   9.6960000e-01   2.2892745e+02
   9.6970000e-01   2.3539368e+02
   9.6980000e-01   2.4177115e+02
   9.6990000e-01   2.4785285e+02
   9.7000000e-01   2.5362300e+02
   9.7010000e-01   2.5598624e+02
   9.7020000e-01   2.6380242e+02
   9.7030000e-01   2.6973692e+02
   9.7040000e-01   2.7422826e+02
   9.7050000e-01   2.7837695e+02
   9.7060000e-01   2.8223143e+02
   9.7070000e-01   2.8582155e+02
   9.7080000e-01   2.8914767e+02
   9.7090000e-01   2.9220400e+02
   9.7100000e-01   2.9498438e+02
   9.7110000e-01   2.9748289e+02
   9.7120000e-01   2.9969451e+02
   9.7130000e-01   3.0017889e+02
   9.7140000e-01   3.0023153e+02
   9.7150000e-01   3.0029063e+02
   9.7160000e-01   3.0035494e+02
   9.7170000e-01   3.0042307e+02
   9.7180000e-01   3.0049348e+02
   9.7190000e-01   3.0056453e+02
   9.7200000e-01   3.0063447e+02
   9.7210000e-01   3.0070149e+02
   9.7220000e-01   3.0076365e+02
   9.7230000e-01   3.0081899e+02
   9.7240000e-01   3.0086544e+02
   9.7250000e-01   3.0090087e+02
   9.7260000e-01   3.0092312e+02
   9.7270000e-01   3.0092993e+02
   9.7280000e-01   3.0091902e+02
   9.7290000e-01   3.0088805e+02
   9.7300000e-01   2.9793982e+02
   9.7310000e-01   2.9029566e+02
   9.7320000e-01   2.8440084e+02
   9.7330000e-01   2.7922183e+02
   9.7340000e-01   2.7427326e+02
   9.7350000e-01   2.6932656e+02
   9.7360000e-01   2.6425242e+02
   9.7370000e-01   2.5898883e+02
   9.7380000e-01   2.5360211e+02
   9.7390000e-01   2.4797668e+02
   9.7400000e-01   2.4212322e+02
   9.7410000e-01   2.3604410e+02
   9.7420000e-01   2.2974178e+02
   9.7430000e-01   2.2321992e+02
   9.7440000e-01   2.1648258e+02
   9.7450000e-01   2.0953535e+02
   9.7460000e-01   2.0243973e+02
   9.7470000e-01   1.9529980e+02
   9.7480000e-01   1.8805764e+02
   9.7490000e-01   1.8065255e+02
   9.7500000e-01   1.7304743e+02
   9.7510000e-01   1.6522231e+02
   9.7520000e-01   1.5716946e+02
   9.7530000e-01   1.4888791e+02
   9.7540000e-01   1.4038071e+02
   9.7550000e-01   1.3165340e+02
   9.7560000e-01   1.2271310e+02
   9.7570000e-01   1.1356790e+02
   9.7580000e-01   1.0422659e+02
   9.7590000e-01   9.4697567e+01
   9.7600000e-01   8.4989296e+01
   9.7610000e-01   7.5112615e+01
   9.7620000e-01   6.5078128e+01
   9.7630000e-01   5.4896436e+01
   9.7640000e-01   4.5292148e+01
   9.7650000e-01   3.5924019e+01
   9.7660000e-01   2.6717135e+01
   9.7670000e-01   1.7467219e+01
   9.7680000e-01   8.1292688e+00
   9.7690000e-01  -1.2904577e+00
   9.7700000e-01  -1.0770291e+01
   9.7710000e-01  -2.0286225e+01
   9.7720000e-01  -2.9816175e+01
   9.7730000e-01  -3.9340895e+01
   9.7740000e-01  -4.8843741e+01
   9.7750000e-01  -5.8310155e+01
   9.7760000e-01  -6.7727146e+01
   9.7770000e-01  -7.7082882e+01
   9.7780000e-01  -8.6366362e+01
   9.7790000e-01  -9.5666943e+01
   9.7800000e-01  -1.0504620e+02
   9.7810000e-01  -1.1440565e+02
   9.7820000e-01  -1.2366512e+02
   9.7830000e-01  -1.3277381e+02
   9.7840000e-01  -1.4169879e+02
   9.7850000e-01  -1.5044548e+02
   9.7860000e-01  -1.5878210e+02
   9.7870000e-01  -1.6712175e+02
   9.7880000e-01  -1.7512112e+02
   9.7890000e-01  -1.8289093e+02
   9.7900000e-01  -1.9042598e+02
   9.7910000e-01  -1.9768341e+02
   9.7920000e-01  -2.0462612e+02
   9.7930000e-01  -2.1127550e+02
   9.7940000e-01  -2.1763784e+02
   9.7950000e-01  -2.2370397e+02
   9.7960000e-01  -2.2946669e+02
   9.7970000e-01  -2.3490837e+02
   9.7980000e-01  -2.4014452e+02
   9.7990000e-01  -2.4614225e+02
   9.8000000e-01  -2.5219229e+02
   9.8010000e-01  -2.4883293e+02
   9.8020000e-01  -2.5949255e+02
   9.8030000e-01  -2.6783315e+02
   9.8040000e-01  -2.7269629e+02
   9.8050000e-01  -2.7722207e+02
   9.8060000e-01  -2.8140095e+02
   9.8070000e-01  -2.8523332e+02
   9.8080000e-01  -2.8873066e+02
   9.8090000e-01  -2.9191070e+02
   9.8100000e-01  -2.9477880e+02
   9.8110000e-01  -2.9733886e+02
   9.8120000e-01  -2.9959341e+02
   9.8130000e-01  -3.0013472e+02
   9.8140000e-01  -3.0019144e+02
   9.8150000e-01  -3.0025897e+02
   9.8160000e-01  -3.0033661e+02
   9.8170000e-01  -3.0042319e+02
   9.8180000e-01  -3.0051713e+02
   9.8190000e-01  -3.0061650e+02
   9.8200000e-01  -3.0071899e+02
   9.8210000e-01  -3.0080897e+02
   9.8220000e-01  -3.0086962e+02
   9.8230000e-01  -3.0092000e+02
   9.8240000e-01  -3.0096109e+02
   9.8250000e-01  -3.0099169e+02
   9.8260000e-01  -3.0101006e+02
   9.8270000e-01  -3.0101429e+02
   9.8280000e-01  -3.0100244e+02
   9.8290000e-01  -3.0097251e+02
   9.8300000e-01  -2.9701596e+02
   9.8310000e-01  -2.8980691e+02
   9.8320000e-01  -2.8414474e+02
   9.8330000e-01  -2.7907962e+02
   9.8340000e-01  -2.7419032e+02
   9.8350000e-01  -2.6927620e+02
   9.8360000e-01  -2.6422090e+02
   9.8370000e-01  -2.5901135e+02
   9.8380000e-01  -2.5359442e+02
   9.8390000e-01  -2.4797071e+02
   9.8400000e-01  -2.4211964e+02
   9.8410000e-01  -2.3604241e+02
   9.8420000e-01  -2.2974164e+02
   9.8430000e-01  -2.2322080e+02
   9.8440000e-01  -2.1648425e+02
   9.8450000e-01  -2.0954530e+02
   9.8460000e-01  -2.0250589e+02
   9.8470000e-01  -1.9553033e+02
   9.8480000e-01  -1.8837685e+02
   9.8490000e-01  -1.8101981e+02
   9.8500000e-01  -1.7344022e+02
   9.8510000e-01  -1.6562902e+02
   9.8520000e-01  -1.5758379e+02
   9.8530000e-01  -1.4930645e+02
   9.8540000e-01  -1.4080163e+02
   9.8550000e-01  -1.3207574e+02
   9.8560000e-01  -1.2313638e+02
   9.8570000e-01  -1.1399189e+02
   9.8580000e-01  -1.0465118e+02
   9.8590000e-01  -9.5122686e+01
   9.8600000e-01  -8.5414845e+01
   9.8610000e-01  -7.5538444e+01
   9.8620000e-01  -6.5504023e+01
   9.8630000e-01  -5.5322073e+01
   9.8640000e-01  -4.5003158e+01
   9.8650000e-01  -3.5322215e+01
   9.8660000e-01  -2.5838437e+01
   9.8670000e-01  -1.6608503e+01
   9.8680000e-01  -7.4378060e+00
   9.8690000e-01   1.8077540e+00
   9.8700000e-01   1.1142771e+01
   9.8710000e-01   2.0548424e+01
   9.8720000e-01   2.9997964e+01
   9.8730000e-01   3.9465428e+01
   9.8740000e-01   4.8928060e+01
   9.8750000e-01   5.8366453e+01
   9.8760000e-01   6.7764016e+01
   9.8770000e-01   7.7106315e+01
   9.8780000e-01   8.6380526e+01
   9.8790000e-01   9.5603373e+01
   9.8800000e-01   1.0501931e+02
   9.8810000e-01   1.1437975e+02
   9.8820000e-01   1.2362588e+02
   9.8830000e-01   1.3272742e+02
   9.8840000e-01   1.4164844e+02
   9.8850000e-01   1.5039256e+02
   9.8860000e-01   1.5872731e+02
   9.8870000e-01   1.6706522e+02
   9.8880000e-01   1.7512478e+02
   9.8890000e-01   1.8289106e+02
   9.8900000e-01   1.9040002e+02
   9.8910000e-01   1.9761441e+02
   9.8920000e-01   2.0454400e+02
   9.8930000e-01   2.1119412e+02
   9.8940000e-01   2.1755487e+02
   9.8950000e-01   2.2361868e+02
   9.8960000e-01   2.2937931e+02
   9.8970000e-01   2.3483130e+02
   9.8980000e-01   2.4011928e+02
   9.8990000e-01   2.4627001e+02
   9.9000000e-01   2.5233897e+02
   9.9010000e-01   2.5917028e+02
   9.9020000e-01   2.6371008e+02
   9.9030000e-01   2.6846119e+02
   9.9040000e-01   2.7309513e+02
   9.9050000e-01   2.7747969e+02
   9.9060000e-01   2.8156138e+02
   9.9070000e-01   2.8533647e+02
   9.9080000e-01   2.8880224e+02
   9.9090000e-01   2.9196036e+02
   9.9100000e-01   2.9481331e+02
   9.9110000e-01   2.9736297e+02
   9.9120000e-01   2.9961036e+02
   9.9130000e-01   3.0046968e+02
   9.9140000e-01   3.0052369e+02
   9.9150000e-01   3.0058013e+02
   9.9160000e-01   3.0063958e+02
   9.9170000e-01   3.0070190e+02
   9.9180000e-01   3.0076581e+02
   9.9190000e-01   3.0082986e+02
   9.9200000e-01   3.0089244e+02
   9.9210000e-01   3.0095190e+02
   9.9220000e-01   3.0100651e+02
   9.9230000e-01   3.0105451e+02
   9.9240000e-01   3.0109408e+02
   9.9250000e-01   3.0112335e+02
   9.9260000e-01   3.0114043e+02
   9.9270000e-01   3.0114338e+02
   9.9280000e-01   3.0113024e+02
   9.9290000e-01   3.0109846e+02
   9.9300000e-01   2.9637337e+02
   9.9310000e-01   2.8946337e+02
   9.9320000e-01   2.8393957e+02
   9.9330000e-01   2.7895129e+02
   9.9340000e-01   2.7410795e+02
   9.9350000e-01   2.6922250e+02
   9.9360000e-01   2.6418380e+02
   9.9370000e-01   2.5896091e+02
   9.9380000e-01   2.5358230e+02
   9.9390000e-01   2.4796304e+02
   9.9400000e-01   2.4211476e+02
   9.9410000e-01   2.3603965e+02
   9.9420000e-01   2.2974037e+02
   9.9430000e-01   2.2322064e+02
   9.9440000e-01   2.1648504e+02
   9.9450000e-01   2.0953893e+02
   9.9460000e-01   2.0242866e+02
   9.9470000e-01   1.9524845e+02
   9.9480000e-01   1.8799639e+02
   9.9490000e-01   1.8059760e+02
   9.9500000e-01   1.7299399e+02
   9.9510000e-01   1.6516905e+02
   9.9520000e-01   1.5711616e+02
   9.9530000e-01   1.4883467e+02
   9.9540000e-01   1.4032769e+02
   9.9550000e-01   1.3160077e+02
   9.9560000e-01   1.2266094e+02
   9.9570000e-01   1.1351630e+02
   9.9580000e-01   1.0417560e+02
   9.9590000e-01   9.4647213e+01
   9.9600000e-01   8.4939605e+01
   9.9610000e-01   7.5063600e+01
   9.9620000e-01   6.5029808e+01
   9.9630000e-01   5.4891113e+01
   9.9640000e-01   4.5197366e+01
   9.9650000e-01   3.5985973e+01
   9.9660000e-01   2.6810560e+01
   9.9670000e-01   1.7554603e+01
   9.9680000e-01   8.2009059e+00
   9.9690000e-01  -1.2653586e+00
   9.9700000e-01  -1.0912874e+01
   9.9710000e-01  -2.0366538e+01
   9.9720000e-01  -2.9861526e+01
   9.9730000e-01  -3.9359559e+01
   9.9740000e-01  -4.8852251e+01
   9.9750000e-01  -5.8315491e+01
   9.9760000e-01  -6.7731965e+01
   9.9770000e-01  -7.7088081e+01
   9.9780000e-01  -8.6372170e+01
   9.9790000e-01  -9.5573617e+01
   9.9800000e-01  -1.0466424e+02
   9.9810000e-01  -1.1383584e+02
   9.9820000e-01  -1.2301384e+02
   9.9830000e-01  -1.3205982e+02
   9.9840000e-01  -1.4094724e+02
   9.9850000e-01  -1.4967052e+02
   9.9860000e-01  -1.5799188e+02
   9.9870000e-01  -1.6632190e+02
   9.9880000e-01  -1.7437539e+02
   9.9890000e-01  -1.8213677e+02
   9.9900000e-01  -1.8964154e+02
   9.9910000e-01  -1.9685213e+02
   9.9920000e-01  -2.0377867e+02
   9.9930000e-01  -2.1042670e+02
   9.9940000e-01  -2.1678672e+02
   9.9950000e-01  -2.2285420e+02
   9.9960000e-01  -2.2928826e+02
   9.9970000e-01  -2.3573649e+02
   9.9980000e-01  -2.4201782e+02
   9.9990000e-01  -2.4803453e+02
