   7.9990000e-01   2.1681630e+02
   8.0000000e-01   2.1681836e+02
   8.0010000e-01   2.1681843e+02
   8.0020000e-01   2.1681903e+02
   8.0030000e-01   2.1681856e+02
   8.0040000e-01   2.1681709e+02
   8.0050000e-01   2.1681596e+02
   8.0060000e-01   2.1681521e+02
   8.0070000e-01   2.1681465e+02
   8.0080000e-01   2.1681424e+02
   8.0090000e-01   2.1681393e+02
   8.0100000e-01   2.1681369e+02
   8.0110000e-01   2.1681350e+02
   8.0120000e-01   2.1681333e+02
   8.0130000e-01   2.1681320e+02
   8.0140000e-01   2.1681352e+02
   8.0150000e-01   2.1681308e+02
   8.0160000e-01   2.1681278e+02
   8.0170000e-01   2.1681254e+02
   8.0180000e-01   2.1681232e+02
   8.0190000e-01   2.1681210e+02
   8.0200000e-01   2.1681188e+02
   8.0210000e-01   2.1681163e+02
   8.0220000e-01   2.1681135e+02
   8.0230000e-01   2.1681109e+02
   8.0240000e-01   2.1681077e+02
   8.0250000e-01   2.1681042e+02
   8.0260000e-01   2.1681005e+02
   8.0270000e-01   2.1680967e+02
   8.0280000e-01   2.1680927e+02
   8.0290000e-01   2.1680886e+02
   8.0300000e-01   2.1680845e+02
   8.0310000e-01   2.1680701e+02
   8.0320000e-01   2.1680775e+02
   8.0330000e-01   2.1680855e+02
   8.0340000e-01   2.1680937e+02
   8.0350000e-01   2.1681004e+02
   8.0360000e-01   2.1681054e+02
   8.0370000e-01   2.1681079e+02
   8.0380000e-01   2.1681106e+02
   8.0390000e-01   2.1681125e+02
   8.0400000e-01   2.1681138e+02
   8.0410000e-01   2.1681145e+02
   8.0420000e-01   2.1681148e+02
   8.0430000e-01   2.1681150e+02
   8.0440000e-01   2.1681086e+02
   8.0450000e-01   2.1679779e+02
   8.0460000e-01   2.1678066e+02
   8.0470000e-01   2.1676362e+02
   8.0480000e-01   2.1674668e+02
   8.0490000e-01   2.1672982e+02
   8.0500000e-01   2.1671304e+02
   8.0510000e-01   2.1669634e+02
   8.0520000e-01   2.1667971e+02
   8.0530000e-01   2.1666314e+02
   8.0540000e-01   2.1664663e+02
   8.0550000e-01   2.1663016e+02
   8.0560000e-01   2.1661374e+02
   8.0570000e-01   2.1659736e+02
   8.0580000e-01   2.1658102e+02
   8.0590000e-01   2.1656471e+02
   8.0600000e-01   2.1654845e+02
   8.0610000e-01   2.1653224e+02
   8.0620000e-01   2.1651608e+02
   8.0630000e-01   2.1649998e+02
   8.0640000e-01   2.1648397e+02
   8.0650000e-01   2.1648859e+02
   8.0660000e-01   2.1655096e+02
   8.0670000e-01   2.1663008e+02
   8.0680000e-01   2.1667305e+02
   8.0690000e-01   2.1669666e+02
   8.0700000e-01   2.1671029e+02
   8.0710000e-01   2.1671862e+02
   8.0720000e-01   2.1672391e+02
   8.0730000e-01   2.1672730e+02
   8.0740000e-01   2.1672951e+02
   8.0750000e-01   2.1673098e+02
   8.0760000e-01   2.1673195e+02
   8.0770000e-01   2.1673260e+02
   8.0780000e-01   2.1673305e+02
   8.0790000e-01   2.1673303e+02
   8.0800000e-01   2.1673299e+02
   8.0810000e-01   2.1673282e+02
   8.0820000e-01   2.1673259e+02
   8.0830000e-01   2.1673233e+02
   8.0840000e-01   2.1673207e+02
   8.0850000e-01   2.1673181e+02
   8.0860000e-01   2.1673155e+02
   8.0870000e-01   2.1673131e+02
   8.0880000e-01   2.1673109e+02
   8.0890000e-01   2.1673088e+02
   8.0900000e-01   2.1673068e+02
   8.0910000e-01   2.1673050e+02
   8.0920000e-01   2.1673034e+02
   8.0930000e-01   2.1673019e+02
   8.0940000e-01   2.1673006e+02
   8.0950000e-01   2.1672994e+02
   8.0960000e-01   2.1672985e+02
   8.0970000e-01   2.1672977e+02
   8.0980000e-01   2.1672970e+02
   8.0990000e-01   2.1672959e+02
   8.1000000e-01   2.1672994e+02
   8.1010000e-01   2.1673710e+02
   8.1020000e-01   2.1673699e+02
   8.1030000e-01   2.1673751e+02
   8.1040000e-01   2.1673806e+02
   8.1050000e-01   2.1673858e+02
   8.1060000e-01   2.1673895e+02
   8.1070000e-01   2.1673922e+02
   8.1080000e-01   2.1673941e+02
   8.1090000e-01   2.1673954e+02
   8.1100000e-01   2.1673963e+02
   8.1110000e-01   2.1673969e+02
   8.1120000e-01   2.1673970e+02
   8.1130000e-01   2.1673973e+02
   8.1140000e-01   2.1673979e+02
   8.1150000e-01   2.1673945e+02
   8.1160000e-01   2.1673920e+02
   8.1170000e-01   2.1673894e+02
   8.1180000e-01   2.1673867e+02
   8.1190000e-01   2.1673839e+02
   8.1200000e-01   2.1673810e+02
   8.1210000e-01   2.1673781e+02
   8.1220000e-01   2.1673751e+02
   8.1230000e-01   2.1673721e+02
   8.1240000e-01   2.1673691e+02
   8.1250000e-01   2.1673661e+02
   8.1260000e-01   2.1673631e+02
   8.1270000e-01   2.1673601e+02
   8.1280000e-01   2.1673571e+02
   8.1290000e-01   2.1673541e+02
   8.1300000e-01   2.1673511e+02
   8.1310000e-01   2.1673541e+02
   8.1320000e-01   2.1673492e+02
   8.1330000e-01   2.1673569e+02
   8.1340000e-01   2.1673647e+02
   8.1350000e-01   2.1673709e+02
   8.1360000e-01   2.1673754e+02
   8.1370000e-01   2.1673786e+02
   8.1380000e-01   2.1673806e+02
   8.1390000e-01   2.1673817e+02
   8.1400000e-01   2.1673822e+02
   8.1410000e-01   2.1673823e+02
   8.1420000e-01   2.1673821e+02
   8.1430000e-01   2.1673817e+02
   8.1440000e-01   2.1673798e+02
   8.1450000e-01   2.1672689e+02
   8.1460000e-01   2.1670977e+02
   8.1470000e-01   2.1669273e+02
   8.1480000e-01   2.1667579e+02
   8.1490000e-01   2.1665894e+02
   8.1500000e-01   2.1664217e+02
   8.1510000e-01   2.1662548e+02
   8.1520000e-01   2.1660885e+02
   8.1530000e-01   2.1659230e+02
   8.1540000e-01   2.1657580e+02
   8.1550000e-01   2.1655935e+02
   8.1560000e-01   2.1654294e+02
   8.1570000e-01   2.1652659e+02
   8.1580000e-01   2.1651027e+02
   8.1590000e-01   2.1649400e+02
   8.1600000e-01   2.1647777e+02
   8.1610000e-01   2.1646159e+02
   8.1620000e-01   2.1644548e+02
   8.1630000e-01   2.1642943e+02
   8.1640000e-01   2.1641346e+02
   8.1650000e-01   2.1642876e+02
   8.1660000e-01   2.1650345e+02
   8.1670000e-01   2.1657545e+02
   8.1680000e-01   2.1661045e+02
   8.1690000e-01   2.1663049e+02
   8.1700000e-01   2.1664207e+02
   8.1710000e-01   2.1664928e+02
   8.1720000e-01   2.1665393e+02
   8.1730000e-01   2.1665693e+02
   8.1740000e-01   2.1665891e+02
   8.1750000e-01   2.1666022e+02
   8.1760000e-01   2.1666110e+02
   8.1770000e-01   2.1666170e+02
   8.1780000e-01   2.1666211e+02
   8.1790000e-01   2.1666239e+02
   8.1800000e-01   2.1666259e+02
   8.1810000e-01   2.1666274e+02
   8.1820000e-01   2.1666285e+02
   8.1830000e-01   2.1666294e+02
   8.1840000e-01   2.1666301e+02
   8.1850000e-01   2.1666307e+02
   8.1860000e-01   2.1666312e+02
   8.1870000e-01   2.1666316e+02
   8.1880000e-01   2.1666320e+02
   8.1890000e-01   2.1666324e+02
   8.1900000e-01   2.1666327e+02
   8.1910000e-01   2.1666331e+02
   8.1920000e-01   2.1666334e+02
   8.1930000e-01   2.1666337e+02
   8.1940000e-01   2.1666339e+02
   8.1950000e-01   2.1666341e+02
   8.1960000e-01   2.1666343e+02
   8.1970000e-01   2.1666345e+02
   8.1980000e-01   2.1666347e+02
   8.1990000e-01   2.1666348e+02
   8.2000000e-01   2.1666349e+02
   8.2010000e-01   2.1666398e+02
   8.2020000e-01   2.1666379e+02
   8.2030000e-01   2.1666362e+02
   8.2040000e-01   2.1666292e+02
   8.2050000e-01   2.1666225e+02
   8.2060000e-01   2.1666176e+02
   8.2070000e-01   2.1666139e+02
   8.2080000e-01   2.1666112e+02
   8.2090000e-01   2.1666092e+02
   8.2100000e-01   2.1666076e+02
   8.2110000e-01   2.1666064e+02
   8.2120000e-01   2.1666050e+02
   8.2130000e-01   2.1666039e+02
   8.2140000e-01   2.1665994e+02
   8.2150000e-01   2.1665982e+02
   8.2160000e-01   2.1665959e+02
   8.2170000e-01   2.1665929e+02
   8.2180000e-01   2.1665896e+02
   8.2190000e-01   2.1665861e+02
   8.2200000e-01   2.1665825e+02
   8.2210000e-01   2.1665788e+02
   8.2220000e-01   2.1665751e+02
   8.2230000e-01   2.1665710e+02
   8.2240000e-01   2.1665673e+02
   8.2250000e-01   2.1665637e+02
   8.2260000e-01   2.1665600e+02
   8.2270000e-01   2.1665563e+02
   8.2280000e-01   2.1665525e+02
   8.2290000e-01   2.1665487e+02
   8.2300000e-01   2.1665449e+02
   8.2310000e-01   2.1665444e+02
   8.2320000e-01   2.1665420e+02
   8.2330000e-01   2.1665579e+02
   8.2340000e-01   2.1665707e+02
   8.2350000e-01   2.1665800e+02
   8.2360000e-01   2.1665867e+02
   8.2370000e-01   2.1665914e+02
   8.2380000e-01   2.1665946e+02
   8.2390000e-01   2.1665967e+02
   8.2400000e-01   2.1665980e+02
   8.2410000e-01   2.1665988e+02
   8.2420000e-01   2.1665992e+02
   8.2430000e-01   2.1665994e+02
   8.2440000e-01   2.1666056e+02
   8.2450000e-01   2.1666495e+02
   8.2460000e-01   2.1666934e+02
   8.2470000e-01   2.1667369e+02
   8.2480000e-01   2.1667803e+02
   8.2490000e-01   2.1668233e+02
   8.2500000e-01   2.1668661e+02
   8.2510000e-01   2.1669087e+02
   8.2520000e-01   2.1669510e+02
   8.2530000e-01   2.1669930e+02
   8.2540000e-01   2.1670347e+02
   8.2550000e-01   2.1670761e+02
   8.2560000e-01   2.1671172e+02
   8.2570000e-01   2.1671581e+02
   8.2580000e-01   2.1671986e+02
   8.2590000e-01   2.1672388e+02
   8.2600000e-01   2.1672788e+02
   8.2610000e-01   2.1673184e+02
   8.2620000e-01   2.1673577e+02
   8.2630000e-01   2.1673966e+02
   8.2640000e-01   2.1674353e+02
   8.2650000e-01   2.1674735e+02
   8.2660000e-01   2.1674730e+02
   8.2670000e-01   2.1671867e+02
   8.2680000e-01   2.1670232e+02
   8.2690000e-01   2.1669360e+02
   8.2700000e-01   2.1668867e+02
   8.2710000e-01   2.1668578e+02
   8.2720000e-01   2.1668400e+02
   8.2730000e-01   2.1668289e+02
   8.2740000e-01   2.1668217e+02
   8.2750000e-01   2.1668171e+02
   8.2760000e-01   2.1668141e+02
   8.2770000e-01   2.1668122e+02
   8.2780000e-01   2.1668118e+02
   8.2790000e-01   2.1668089e+02
   8.2800000e-01   2.1668063e+02
   8.2810000e-01   2.1668035e+02
   8.2820000e-01   2.1668007e+02
   8.2830000e-01   2.1667979e+02
   8.2840000e-01   2.1667951e+02
   8.2850000e-01   2.1667925e+02
   8.2860000e-01   2.1667900e+02
   8.2870000e-01   2.1667877e+02
   8.2880000e-01   2.1667855e+02
   8.2890000e-01   2.1667834e+02
   8.2900000e-01   2.1667815e+02
   8.2910000e-01   2.1667798e+02
   8.2920000e-01   2.1667782e+02
   8.2930000e-01   2.1667822e+02
   8.2940000e-01   2.1667790e+02
   8.2950000e-01   2.1667771e+02
   8.2960000e-01   2.1667759e+02
   8.2970000e-01   2.1667750e+02
   8.2980000e-01   2.1667743e+02
   8.2990000e-01   2.1667742e+02
   8.3000000e-01   2.1667747e+02
   8.3010000e-01   2.1667016e+02
   8.3020000e-01   2.1667018e+02
   8.3030000e-01   2.1666966e+02
   8.3040000e-01   2.1666897e+02
   8.3050000e-01   2.1666805e+02
   8.3060000e-01   2.1666721e+02
   8.3070000e-01   2.1666646e+02
   8.3080000e-01   2.1666584e+02
   8.3090000e-01   2.1666535e+02
   8.3100000e-01   2.1666496e+02
   8.3110000e-01   2.1666467e+02
   8.3120000e-01   2.1666442e+02
   8.3130000e-01   2.1666422e+02
   8.3140000e-01   2.1666385e+02
   8.3150000e-01   2.1666383e+02
   8.3160000e-01   2.1666370e+02
   8.3170000e-01   2.1666354e+02
   8.3180000e-01   2.1666337e+02
   8.3190000e-01   2.1666318e+02
   8.3200000e-01   2.1666297e+02
   8.3210000e-01   2.1666275e+02
   8.3220000e-01   2.1666250e+02
   8.3230000e-01   2.1666224e+02
   8.3240000e-01   2.1666196e+02
   8.3250000e-01   2.1666167e+02
   8.3260000e-01   2.1666135e+02
   8.3270000e-01   2.1666102e+02
   8.3280000e-01   2.1666068e+02
   8.3290000e-01   2.1666032e+02
   8.3300000e-01   2.1665995e+02
   8.3310000e-01   2.1665989e+02
   8.3320000e-01   2.1666076e+02
   8.3330000e-01   2.1666189e+02
   8.3340000e-01   2.1666297e+02
   8.3350000e-01   2.1666388e+02
   8.3360000e-01   2.1666462e+02
   8.3370000e-01   2.1666519e+02
   8.3380000e-01   2.1666564e+02
   8.3390000e-01   2.1666599e+02
   8.3400000e-01   2.1666627e+02
   8.3410000e-01   2.1666650e+02
   8.3420000e-01   2.1666669e+02
   8.3430000e-01   2.1666685e+02
   8.3440000e-01   2.1666713e+02
   8.3450000e-01   2.1667830e+02
   8.3460000e-01   2.1669736e+02
   8.3470000e-01   2.1671626e+02
   8.3480000e-01   2.1673505e+02
   8.3490000e-01   2.1675373e+02
   8.3500000e-01   2.1677232e+02
   8.3510000e-01   2.1679082e+02
   8.3520000e-01   2.1680923e+02
   8.3530000e-01   2.1682756e+02
   8.3540000e-01   2.1684582e+02
   8.3550000e-01   2.1686400e+02
   8.3560000e-01   2.1688213e+02
   8.3570000e-01   2.1690019e+02
   8.3580000e-01   2.1691819e+02
   8.3590000e-01   2.1693613e+02
   8.3600000e-01   2.1695400e+02
   8.3610000e-01   2.1697181e+02
   8.3620000e-01   2.1698953e+02
   8.3630000e-01   2.1700717e+02
   8.3640000e-01   2.1702345e+02
   8.3650000e-01   2.1699584e+02
   8.3660000e-01   2.1691647e+02
   8.3670000e-01   2.1684123e+02
   8.3680000e-01   2.1680448e+02
   8.3690000e-01   2.1678341e+02
   8.3700000e-01   2.1677119e+02
   8.3710000e-01   2.1676359e+02
   8.3720000e-01   2.1675869e+02
   8.3730000e-01   2.1675552e+02
   8.3740000e-01   2.1675344e+02
   8.3750000e-01   2.1675207e+02
   8.3760000e-01   2.1675114e+02
   8.3770000e-01   2.1675052e+02
   8.3780000e-01   2.1675010e+02
   8.3790000e-01   2.1675009e+02
   8.3800000e-01   2.1675091e+02
   8.3810000e-01   2.1675325e+02
   8.3820000e-01   2.1675711e+02
   8.3830000e-01   2.1676227e+02
   8.3840000e-01   2.1676840e+02
   8.3850000e-01   2.1677515e+02
   8.3860000e-01   2.1678215e+02
   8.3870000e-01   2.1678900e+02
   8.3880000e-01   2.1679545e+02
   8.3890000e-01   2.1680122e+02
   8.3900000e-01   2.1680609e+02
   8.3910000e-01   2.1680994e+02
   8.3920000e-01   2.1681263e+02
   8.3930000e-01   2.1681415e+02
   8.3940000e-01   2.1681451e+02
   8.3950000e-01   2.1681382e+02
   8.3960000e-01   2.1681223e+02
   8.3970000e-01   2.1680994e+02
   8.3980000e-01   2.1680720e+02
   8.3990000e-01   2.1680535e+02
   8.4000000e-01   2.1680421e+02
   8.4010000e-01   2.1680311e+02
   8.4020000e-01   2.1680308e+02
   8.4030000e-01   2.1680317e+02
   8.4040000e-01   2.1680337e+02
   8.4050000e-01   2.1680363e+02
   8.4060000e-01   2.1680390e+02
   8.4070000e-01   2.1680416e+02
   8.4080000e-01   2.1680439e+02
   8.4090000e-01   2.1680458e+02
   8.4100000e-01   2.1680474e+02
   8.4110000e-01   2.1680487e+02
   8.4120000e-01   2.1680492e+02
   8.4130000e-01   2.1680502e+02
   8.4140000e-01   2.1680514e+02
   8.4150000e-01   2.1680486e+02
   8.4160000e-01   2.1680461e+02
   8.4170000e-01   2.1680438e+02
   8.4180000e-01   2.1680413e+02
   8.4190000e-01   2.1680386e+02
   8.4200000e-01   2.1680358e+02
   8.4210000e-01   2.1680327e+02
   8.4220000e-01   2.1680313e+02
   8.4230000e-01   2.1680266e+02
   8.4240000e-01   2.1680224e+02
   8.4250000e-01   2.1680190e+02
   8.4260000e-01   2.1680151e+02
   8.4270000e-01   2.1680110e+02
   8.4280000e-01   2.1680067e+02
   8.4290000e-01   2.1680022e+02
   8.4300000e-01   2.1679966e+02
   8.4310000e-01   2.1679903e+02
   8.4320000e-01   2.1680020e+02
   8.4330000e-01   2.1680173e+02
   8.4340000e-01   2.1680316e+02
   8.4350000e-01   2.1680435e+02
   8.4360000e-01   2.1680530e+02
   8.4370000e-01   2.1680612e+02
   8.4380000e-01   2.1680663e+02
   8.4390000e-01   2.1680700e+02
   8.4400000e-01   2.1680727e+02
   8.4410000e-01   2.1680747e+02
   8.4420000e-01   2.1680763e+02
   8.4430000e-01   2.1680775e+02
   8.4440000e-01   2.1680784e+02
   8.4450000e-01   2.1680994e+02
   8.4460000e-01   2.1681191e+02
   8.4470000e-01   2.1681387e+02
   8.4480000e-01   2.1681581e+02
   8.4490000e-01   2.1681775e+02
   8.4500000e-01   2.1681967e+02
   8.4510000e-01   2.1682158e+02
   8.4520000e-01   2.1682348e+02
   8.4530000e-01   2.1682537e+02
   8.4540000e-01   2.1682724e+02
   8.4550000e-01   2.1682910e+02
   8.4560000e-01   2.1683095e+02
   8.4570000e-01   2.1683279e+02
   8.4580000e-01   2.1683461e+02
   8.4590000e-01   2.1683642e+02
   8.4600000e-01   2.1683822e+02
   8.4610000e-01   2.1684000e+02
   8.4620000e-01   2.1684177e+02
   8.4630000e-01   2.1684352e+02
   8.4640000e-01   2.1684526e+02
   8.4650000e-01   2.1684698e+02
   8.4660000e-01   2.1684876e+02
   8.4670000e-01   2.1683497e+02
   8.4680000e-01   2.1682803e+02
   8.4690000e-01   2.1682412e+02
   8.4700000e-01   2.1682195e+02
   8.4710000e-01   2.1682063e+02
   8.4720000e-01   2.1681980e+02
   8.4730000e-01   2.1681927e+02
   8.4740000e-01   2.1681892e+02
   8.4750000e-01   2.1681868e+02
   8.4760000e-01   2.1681852e+02
   8.4770000e-01   2.1681840e+02
   8.4780000e-01   2.1681836e+02
   8.4790000e-01   2.1681811e+02
   8.4800000e-01   2.1681788e+02
   8.4810000e-01   2.1681761e+02
   8.4820000e-01   2.1681732e+02
   8.4830000e-01   2.1681703e+02
   8.4840000e-01   2.1681674e+02
   8.4850000e-01   2.1681646e+02
   8.4860000e-01   2.1681618e+02
   8.4870000e-01   2.1681591e+02
   8.4880000e-01   2.1681565e+02
   8.4890000e-01   2.1681540e+02
   8.4900000e-01   2.1681516e+02
   8.4910000e-01   2.1681492e+02
   8.4920000e-01   2.1681470e+02
   8.4930000e-01   2.1681396e+02
   8.4940000e-01   2.1681396e+02
   8.4950000e-01   2.1681387e+02
   8.4960000e-01   2.1681374e+02
   8.4970000e-01   2.1681362e+02
   8.4980000e-01   2.1681352e+02
   8.4990000e-01   2.1681330e+02
   8.5000000e-01   2.1681343e+02
   8.5010000e-01   2.1681389e+02
   8.5020000e-01   2.1681406e+02
   8.5030000e-01   2.1681403e+02
   8.5040000e-01   2.1681410e+02
   8.5050000e-01   2.1681440e+02
   8.5060000e-01   2.1681478e+02
   8.5070000e-01   2.1681516e+02
   8.5080000e-01   2.1681550e+02
   8.5090000e-01   2.1681579e+02
   8.5100000e-01   2.1681602e+02
   8.5110000e-01   2.1681620e+02
   8.5120000e-01   2.1681632e+02
   8.5130000e-01   2.1681643e+02
   8.5140000e-01   2.1681648e+02
   8.5150000e-01   2.1681650e+02
   8.5160000e-01   2.1681651e+02
   8.5170000e-01   2.1681651e+02
   8.5180000e-01   2.1681650e+02
   8.5190000e-01   2.1681648e+02
   8.5200000e-01   2.1681645e+02
   8.5210000e-01   2.1681642e+02
   8.5220000e-01   2.1681637e+02
   8.5230000e-01   2.1681631e+02
   8.5240000e-01   2.1681624e+02
   8.5250000e-01   2.1681615e+02
   8.5260000e-01   2.1681604e+02
   8.5270000e-01   2.1681592e+02
   8.5280000e-01   2.1681578e+02
   8.5290000e-01   2.1681562e+02
   8.5300000e-01   2.1681545e+02
   8.5310000e-01   2.1681461e+02
   8.5320000e-01   2.1681483e+02
   8.5330000e-01   2.1681509e+02
   8.5340000e-01   2.1681529e+02
   8.5350000e-01   2.1681544e+02
   8.5360000e-01   2.1681553e+02
   8.5370000e-01   2.1681559e+02
   8.5380000e-01   2.1681561e+02
   8.5390000e-01   2.1681562e+02
   8.5400000e-01   2.1681561e+02
   8.5410000e-01   2.1681559e+02
   8.5420000e-01   2.1681556e+02
   8.5430000e-01   2.1681553e+02
   8.5440000e-01   2.1681549e+02
   8.5450000e-01   2.1681052e+02
   8.5460000e-01   2.1679745e+02
   8.5470000e-01   2.1678450e+02
   8.5480000e-01   2.1677162e+02
   8.5490000e-01   2.1675881e+02
   8.5500000e-01   2.1674606e+02
   8.5510000e-01   2.1673337e+02
   8.5520000e-01   2.1672072e+02
   8.5530000e-01   2.1670811e+02
   8.5540000e-01   2.1669553e+02
   8.5550000e-01   2.1668299e+02
   8.5560000e-01   2.1667046e+02
   8.5570000e-01   2.1665796e+02
   8.5580000e-01   2.1664548e+02
   8.5590000e-01   2.1663301e+02
   8.5600000e-01   2.1662056e+02
   8.5610000e-01   2.1660814e+02
   8.5620000e-01   2.1659575e+02
   8.5630000e-01   2.1658341e+02
   8.5640000e-01   2.1657238e+02
   8.5650000e-01   2.1660528e+02
   8.5660000e-01   2.1666908e+02
   8.5670000e-01   2.1670776e+02
   8.5680000e-01   2.1672845e+02
   8.5690000e-01   2.1674099e+02
   8.5700000e-01   2.1674824e+02
   8.5710000e-01   2.1675279e+02
   8.5720000e-01   2.1675577e+02
   8.5730000e-01   2.1675770e+02
   8.5740000e-01   2.1675897e+02
   8.5750000e-01   2.1675981e+02
   8.5760000e-01   2.1676037e+02
   8.5770000e-01   2.1676075e+02
   8.5780000e-01   2.1676101e+02
   8.5790000e-01   2.1676077e+02
   8.5800000e-01   2.1676071e+02
   8.5810000e-01   2.1675999e+02
   8.5820000e-01   2.1675916e+02
   8.5830000e-01   2.1675828e+02
   8.5840000e-01   2.1675739e+02
   8.5850000e-01   2.1675653e+02
   8.5860000e-01   2.1675570e+02
   8.5870000e-01   2.1675492e+02
   8.5880000e-01   2.1675419e+02
   8.5890000e-01   2.1675351e+02
   8.5900000e-01   2.1675289e+02
   8.5910000e-01   2.1675232e+02
   8.5920000e-01   2.1675181e+02
   8.5930000e-01   2.1675136e+02
   8.5940000e-01   2.1675096e+02
   8.5950000e-01   2.1675062e+02
   8.5960000e-01   2.1675034e+02
   8.5970000e-01   2.1675009e+02
   8.5980000e-01   2.1675070e+02
   8.5990000e-01   2.1675103e+02
   8.6000000e-01   2.1675128e+02
   8.6010000e-01   2.1675272e+02
   8.6020000e-01   2.1675243e+02
   8.6030000e-01   2.1675289e+02
   8.6040000e-01   2.1675374e+02
   8.6050000e-01   2.1675421e+02
   8.6060000e-01   2.1675445e+02
   8.6070000e-01   2.1675446e+02
   8.6080000e-01   2.1675440e+02
   8.6090000e-01   2.1675430e+02
   8.6100000e-01   2.1675420e+02
   8.6110000e-01   2.1675411e+02
   8.6120000e-01   2.1675401e+02
   8.6130000e-01   2.1675395e+02
   8.6140000e-01   2.1675387e+02
   8.6150000e-01   2.1675379e+02
   8.6160000e-01   2.1675310e+02
   8.6170000e-01   2.1675340e+02
   8.6180000e-01   2.1675379e+02
   8.6190000e-01   2.1675368e+02
   8.6200000e-01   2.1675353e+02
   8.6210000e-01   2.1675346e+02
   8.6220000e-01   2.1675319e+02
   8.6230000e-01   2.1675323e+02
   8.6240000e-01   2.1675318e+02
   8.6250000e-01   2.1675306e+02
   8.6260000e-01   2.1675296e+02
   8.6270000e-01   2.1675287e+02
   8.6280000e-01   2.1675278e+02
   8.6290000e-01   2.1675271e+02
   8.6300000e-01   2.1675347e+02
   8.6310000e-01   2.1675307e+02
   8.6320000e-01   2.1675330e+02
   8.6330000e-01   2.1675358e+02
   8.6340000e-01   2.1675381e+02
   8.6350000e-01   2.1675399e+02
   8.6360000e-01   2.1675411e+02
   8.6370000e-01   2.1675410e+02
   8.6380000e-01   2.1675420e+02
   8.6390000e-01   2.1675429e+02
   8.6400000e-01   2.1675436e+02
   8.6410000e-01   2.1675442e+02
   8.6420000e-01   2.1675447e+02
   8.6430000e-01   2.1675451e+02
   8.6440000e-01   2.1675455e+02
   8.6450000e-01   2.1675799e+02
   8.6460000e-01   2.1676168e+02
   8.6470000e-01   2.1676535e+02
   8.6480000e-01   2.1676900e+02
   8.6490000e-01   2.1677262e+02
   8.6500000e-01   2.1677622e+02
   8.6510000e-01   2.1677981e+02
   8.6520000e-01   2.1678336e+02
   8.6530000e-01   2.1678690e+02
   8.6540000e-01   2.1679041e+02
   8.6550000e-01   2.1679390e+02
   8.6560000e-01   2.1679737e+02
   8.6570000e-01   2.1680081e+02
   8.6580000e-01   2.1680422e+02
   8.6590000e-01   2.1680761e+02
   8.6600000e-01   2.1681097e+02
   8.6610000e-01   2.1681431e+02
   8.6620000e-01   2.1681762e+02
   8.6630000e-01   2.1682091e+02
   8.6640000e-01   2.1682416e+02
   8.6650000e-01   2.1682739e+02
   8.6660000e-01   2.1680549e+02
   8.6670000e-01   2.1679008e+02
   8.6680000e-01   2.1678241e+02
   8.6690000e-01   2.1677826e+02
   8.6700000e-01   2.1677573e+02
   8.6710000e-01   2.1677419e+02
   8.6720000e-01   2.1677322e+02
   8.6730000e-01   2.1677260e+02
   8.6740000e-01   2.1677220e+02
   8.6750000e-01   2.1677194e+02
   8.6760000e-01   2.1677177e+02
   8.6770000e-01   2.1677166e+02
   8.6780000e-01   2.1677159e+02
   8.6790000e-01   2.1677156e+02
   8.6800000e-01   2.1677155e+02
   8.6810000e-01   2.1677155e+02
   8.6820000e-01   2.1677156e+02
   8.6830000e-01   2.1677158e+02
   8.6840000e-01   2.1677159e+02
   8.6850000e-01   2.1677162e+02
   8.6860000e-01   2.1677164e+02
   8.6870000e-01   2.1677168e+02
   8.6880000e-01   2.1677171e+02
   8.6890000e-01   2.1677176e+02
   8.6900000e-01   2.1677180e+02
   8.6910000e-01   2.1677185e+02
   8.6920000e-01   2.1677191e+02
   8.6930000e-01   2.1677197e+02
   8.6940000e-01   2.1677203e+02
   8.6950000e-01   2.1677208e+02
   8.6960000e-01   2.1677214e+02
   8.6970000e-01   2.1677219e+02
   8.6980000e-01   2.1677223e+02
   8.6990000e-01   2.1677226e+02
   8.7000000e-01   2.1677229e+02
   8.7010000e-01   2.1677199e+02
   8.7020000e-01   2.1677189e+02
   8.7030000e-01   2.1677188e+02
   8.7040000e-01   2.1677175e+02
   8.7050000e-01   2.1677151e+02
   8.7060000e-01   2.1677122e+02
   8.7070000e-01   2.1677094e+02
   8.7080000e-01   2.1677068e+02
   8.7090000e-01   2.1677047e+02
   8.7100000e-01   2.1677029e+02
   8.7110000e-01   2.1677016e+02
   8.7120000e-01   2.1676997e+02
   8.7130000e-01   2.1676988e+02
   8.7140000e-01   2.1676936e+02
   8.7150000e-01   2.1676886e+02
   8.7160000e-01   2.1676898e+02
   8.7170000e-01   2.1676883e+02
   8.7180000e-01   2.1676859e+02
   8.7190000e-01   2.1676833e+02
   8.7200000e-01   2.1676801e+02
   8.7210000e-01   2.1676765e+02
   8.7220000e-01   2.1676728e+02
   8.7230000e-01   2.1676691e+02
   8.7240000e-01   2.1676654e+02
   8.7250000e-01   2.1676619e+02
   8.7260000e-01   2.1676584e+02
   8.7270000e-01   2.1676551e+02
   8.7280000e-01   2.1676518e+02
   8.7290000e-01   2.1676487e+02
   8.7300000e-01   2.1676522e+02
   8.7310000e-01   2.1676494e+02
   8.7320000e-01   2.1676588e+02
   8.7330000e-01   2.1676705e+02
   8.7340000e-01   2.1676814e+02
   8.7350000e-01   2.1676905e+02
   8.7360000e-01   2.1676976e+02
   8.7370000e-01   2.1677029e+02
   8.7380000e-01   2.1677068e+02
   8.7390000e-01   2.1677096e+02
   8.7400000e-01   2.1677117e+02
   8.7410000e-01   2.1677132e+02
   8.7420000e-01   2.1677143e+02
   8.7430000e-01   2.1677151e+02
   8.7440000e-01   2.1677158e+02
   8.7450000e-01   2.1677410e+02
   8.7460000e-01   2.1677761e+02
   8.7470000e-01   2.1678109e+02
   8.7480000e-01   2.1678456e+02
   8.7490000e-01   2.1678800e+02
   8.7500000e-01   2.1679142e+02
   8.7510000e-01   2.1679482e+02
   8.7520000e-01   2.1679820e+02
   8.7530000e-01   2.1680156e+02
   8.7540000e-01   2.1680490e+02
   8.7550000e-01   2.1680821e+02
   8.7560000e-01   2.1681150e+02
   8.7570000e-01   2.1681477e+02
   8.7580000e-01   2.1681801e+02
   8.7590000e-01   2.1682123e+02
   8.7600000e-01   2.1682443e+02
   8.7610000e-01   2.1682760e+02
   8.7620000e-01   2.1683074e+02
   8.7630000e-01   2.1683386e+02
   8.7640000e-01   2.1683696e+02
   8.7650000e-01   2.1684002e+02
   8.7660000e-01   2.1682470e+02
   8.7670000e-01   2.1680831e+02
   8.7680000e-01   2.1680060e+02
   8.7690000e-01   2.1679556e+02
   8.7700000e-01   2.1679276e+02
   8.7710000e-01   2.1679105e+02
   8.7720000e-01   2.1678998e+02
   8.7730000e-01   2.1678929e+02
   8.7740000e-01   2.1678884e+02
   8.7750000e-01   2.1678855e+02
   8.7760000e-01   2.1678836e+02
   8.7770000e-01   2.1678823e+02
   8.7780000e-01   2.1678816e+02
   8.7790000e-01   2.1678868e+02
   8.7800000e-01   2.1678938e+02
   8.7810000e-01   2.1679084e+02
   8.7820000e-01   2.1679247e+02
   8.7830000e-01   2.1679417e+02
   8.7840000e-01   2.1679588e+02
   8.7850000e-01   2.1679756e+02
   8.7860000e-01   2.1679920e+02
   8.7870000e-01   2.1680078e+02
   8.7880000e-01   2.1680229e+02
   8.7890000e-01   2.1680374e+02
   8.7900000e-01   2.1680511e+02
   8.7910000e-01   2.1680640e+02
   8.7920000e-01   2.1680760e+02
   8.7930000e-01   2.1680871e+02
   8.7940000e-01   2.1680972e+02
   8.7950000e-01   2.1681062e+02
   8.7960000e-01   2.1681140e+02
   8.7970000e-01   2.1681207e+02
   8.7980000e-01   2.1681186e+02
   8.7990000e-01   2.1681088e+02
   8.8000000e-01   2.1681031e+02
   8.8010000e-01   2.1681221e+02
   8.8020000e-01   2.1681212e+02
   8.8030000e-01   2.1681192e+02
   8.8040000e-01   2.1681140e+02
   8.8050000e-01   2.1681120e+02
   8.8060000e-01   2.1681115e+02
   8.8070000e-01   2.1681125e+02
   8.8080000e-01   2.1681139e+02
   8.8090000e-01   2.1681154e+02
   8.8100000e-01   2.1681168e+02
   8.8110000e-01   2.1681179e+02
   8.8120000e-01   2.1681183e+02
   8.8130000e-01   2.1681172e+02
   8.8140000e-01   2.1681171e+02
   8.8150000e-01   2.1681157e+02
   8.8160000e-01   2.1681221e+02
   8.8170000e-01   2.1681175e+02
   8.8180000e-01   2.1681115e+02
   8.8190000e-01   2.1681101e+02
   8.8200000e-01   2.1681090e+02
   8.8210000e-01   2.1681069e+02
   8.8220000e-01   2.1681048e+02
   8.8230000e-01   2.1681028e+02
   8.8240000e-01   2.1681007e+02
   8.8250000e-01   2.1680985e+02
   8.8260000e-01   2.1680963e+02
   8.8270000e-01   2.1680940e+02
   8.8280000e-01   2.1680917e+02
   8.8290000e-01   2.1680893e+02
   8.8300000e-01   2.1680927e+02
   8.8310000e-01   2.1681011e+02
   8.8320000e-01   2.1680990e+02
   8.8330000e-01   2.1681033e+02
   8.8340000e-01   2.1681085e+02
   8.8350000e-01   2.1681133e+02
   8.8360000e-01   2.1681173e+02
   8.8370000e-01   2.1681214e+02
   8.8380000e-01   2.1681233e+02
   8.8390000e-01   2.1681245e+02
   8.8400000e-01   2.1681252e+02
   8.8410000e-01   2.1681256e+02
   8.8420000e-01   2.1681258e+02
   8.8430000e-01   2.1681258e+02
   8.8440000e-01   2.1681257e+02
   8.8450000e-01   2.1681609e+02
   8.8460000e-01   2.1682917e+02
   8.8470000e-01   2.1684201e+02
   8.8480000e-01   2.1685477e+02
   8.8490000e-01   2.1686746e+02
   8.8500000e-01   2.1688008e+02
   8.8510000e-01   2.1689266e+02
   8.8520000e-01   2.1690518e+02
   8.8530000e-01   2.1691766e+02
   8.8540000e-01   2.1693010e+02
   8.8550000e-01   2.1694251e+02
   8.8560000e-01   2.1695489e+02
   8.8570000e-01   2.1696726e+02
   8.8580000e-01   2.1697960e+02
   8.8590000e-01   2.1699191e+02
   8.8600000e-01   2.1700420e+02
   8.8610000e-01   2.1701647e+02
   8.8620000e-01   2.1702869e+02
   8.8630000e-01   2.1704087e+02
   8.8640000e-01   2.1705069e+02
   8.8650000e-01   2.1700614e+02
   8.8660000e-01   2.1694336e+02
   8.8670000e-01   2.1691049e+02
   8.8680000e-01   2.1689206e+02
   8.8690000e-01   2.1688143e+02
   8.8700000e-01   2.1687509e+02
   8.8710000e-01   2.1687105e+02
   8.8720000e-01   2.1686838e+02
   8.8730000e-01   2.1686664e+02
   8.8740000e-01   2.1686548e+02
   8.8750000e-01   2.1686470e+02
   8.8760000e-01   2.1686418e+02
   8.8770000e-01   2.1686382e+02
   8.8780000e-01   2.1686361e+02
   8.8790000e-01   2.1686332e+02
   8.8800000e-01   2.1686302e+02
   8.8810000e-01   2.1686272e+02
   8.8820000e-01   2.1686243e+02
   8.8830000e-01   2.1686215e+02
   8.8840000e-01   2.1686187e+02
   8.8850000e-01   2.1686161e+02
   8.8860000e-01   2.1686136e+02
   8.8870000e-01   2.1686112e+02
   8.8880000e-01   2.1686090e+02
   8.8890000e-01   2.1686070e+02
   8.8900000e-01   2.1686050e+02
   8.8910000e-01   2.1686033e+02
   8.8920000e-01   2.1686017e+02
   8.8930000e-01   2.1686003e+02
   8.8940000e-01   2.1685990e+02
   8.8950000e-01   2.1685979e+02
   8.8960000e-01   2.1685969e+02
   8.8970000e-01   2.1685961e+02
   8.8980000e-01   2.1685955e+02
   8.8990000e-01   2.1685965e+02
   8.9000000e-01   2.1685962e+02
   8.9010000e-01   2.1685981e+02
   8.9020000e-01   2.1685990e+02
   8.9030000e-01   2.1685984e+02
   8.9040000e-01   2.1686044e+02
   8.9050000e-01   2.1686111e+02
   8.9060000e-01   2.1686165e+02
   8.9070000e-01   2.1686211e+02
   8.9080000e-01   2.1686249e+02
   8.9090000e-01   2.1686280e+02
   8.9100000e-01   2.1686304e+02
   8.9110000e-01   2.1686324e+02
   8.9120000e-01   2.1686336e+02
   8.9130000e-01   2.1686301e+02
   8.9140000e-01   2.1686375e+02
   8.9150000e-01   2.1686403e+02
   8.9160000e-01   2.1686360e+02
   8.9170000e-01   2.1686336e+02
   8.9180000e-01   2.1686316e+02
   8.9190000e-01   2.1686295e+02
   8.9200000e-01   2.1686278e+02
   8.9210000e-01   2.1686261e+02
   8.9220000e-01   2.1686245e+02
   8.9230000e-01   2.1686228e+02
   8.9240000e-01   2.1686209e+02
   8.9250000e-01   2.1686189e+02
   8.9260000e-01   2.1686168e+02
   8.9270000e-01   2.1686146e+02
   8.9280000e-01   2.1686123e+02
   8.9290000e-01   2.1686118e+02
   8.9300000e-01   2.1686018e+02
   8.9310000e-01   2.1686084e+02
   8.9320000e-01   2.1686152e+02
   8.9330000e-01   2.1686251e+02
   8.9340000e-01   2.1686332e+02
   8.9350000e-01   2.1686396e+02
   8.9360000e-01   2.1686443e+02
   8.9370000e-01   2.1686469e+02
   8.9380000e-01   2.1686500e+02
   8.9390000e-01   2.1686525e+02
   8.9400000e-01   2.1686546e+02
   8.9410000e-01   2.1686563e+02
   8.9420000e-01   2.1686577e+02
   8.9430000e-01   2.1686589e+02
   8.9440000e-01   2.1686600e+02
   8.9450000e-01   2.1686854e+02
   8.9460000e-01   2.1688482e+02
   8.9470000e-01   2.1691359e+02
   8.9480000e-01   2.1695279e+02
   8.9490000e-01   2.1700030e+02
   8.9500000e-01   2.1705401e+02
   8.9510000e-01   2.1711177e+02
   8.9520000e-01   2.1717144e+02
   8.9530000e-01   2.1723090e+02
   8.9540000e-01   2.1728801e+02
   8.9550000e-01   2.1734068e+02
   8.9560000e-01   2.1738682e+02
   8.9570000e-01   2.1742442e+02
   8.9580000e-01   2.1745148e+02
   8.9590000e-01   2.1746607e+02
   8.9600000e-01   2.1746631e+02
   8.9610000e-01   2.1745039e+02
   8.9620000e-01   2.1741658e+02
   8.9630000e-01   2.1736323e+02
   8.9640000e-01   2.1728874e+02
   8.9650000e-01   2.1719165e+02
   8.9660000e-01   2.1710974e+02
   8.9670000e-01   2.1706798e+02
   8.9680000e-01   2.1704313e+02
   8.9690000e-01   2.1702816e+02
   8.9700000e-01   2.1701882e+02
   8.9710000e-01   2.1701278e+02
   8.9720000e-01   2.1700881e+02
   8.9730000e-01   2.1700617e+02
   8.9740000e-01   2.1700439e+02
   8.9750000e-01   2.1700318e+02
   8.9760000e-01   2.1700235e+02
   8.9770000e-01   2.1700177e+02
   8.9780000e-01   2.1700136e+02
   8.9790000e-01   2.1700098e+02
   8.9800000e-01   2.1700086e+02
   8.9810000e-01   2.1700067e+02
   8.9820000e-01   2.1700050e+02
   8.9830000e-01   2.1700035e+02
   8.9840000e-01   2.1700021e+02
   8.9850000e-01   2.1700008e+02
   8.9860000e-01   2.1699997e+02
   8.9870000e-01   2.1699987e+02
   8.9880000e-01   2.1699978e+02
   8.9890000e-01   2.1699970e+02
   8.9900000e-01   2.1699963e+02
   8.9910000e-01   2.1699958e+02
   8.9920000e-01   2.1699954e+02
   8.9930000e-01   2.1699951e+02
   8.9940000e-01   2.1699948e+02
   8.9950000e-01   2.1699947e+02
   8.9960000e-01   2.1699946e+02
   8.9970000e-01   2.1699946e+02
   8.9980000e-01   2.1699946e+02
   8.9990000e-01   2.1699946e+02
   9.0000000e-01   2.1699945e+02
   9.0010000e-01   2.1699425e+02
   9.0020000e-01   2.1699450e+02
   9.0030000e-01   2.1699421e+02
   9.0040000e-01   2.1699370e+02
   9.0050000e-01   2.1699311e+02
   9.0060000e-01   2.1699256e+02
   9.0070000e-01   2.1699208e+02
   9.0080000e-01   2.1699168e+02
   9.0090000e-01   2.1699136e+02
   9.0100000e-01   2.1699111e+02
   9.0110000e-01   2.1699091e+02
   9.0120000e-01   2.1699076e+02
   9.0130000e-01   2.1699044e+02
   9.0140000e-01   2.1699055e+02
   9.0150000e-01   2.1699060e+02
   9.0160000e-01   2.1699039e+02
   9.0170000e-01   2.1699025e+02
   9.0180000e-01   2.1699012e+02
   9.0190000e-01   2.1699000e+02
   9.0200000e-01   2.1698987e+02
   9.0210000e-01   2.1698999e+02
   9.0220000e-01   2.1698929e+02
   9.0230000e-01   2.1698931e+02
   9.0240000e-01   2.1698920e+02
   9.0250000e-01   2.1698903e+02
   9.0260000e-01   2.1698883e+02
   9.0270000e-01   2.1698861e+02
   9.0280000e-01   2.1698838e+02
   9.0290000e-01   2.1698815e+02
   9.0300000e-01   2.1698721e+02
   9.0310000e-01   2.1698641e+02
   9.0320000e-01   2.1698768e+02
   9.0330000e-01   2.1698856e+02
   9.0340000e-01   2.1698914e+02
   9.0350000e-01   2.1698955e+02
   9.0360000e-01   2.1698981e+02
   9.0370000e-01   2.1698988e+02
   9.0380000e-01   2.1699004e+02
   9.0390000e-01   2.1699016e+02
   9.0400000e-01   2.1699025e+02
   9.0410000e-01   2.1699032e+02
   9.0420000e-01   2.1699037e+02
   9.0430000e-01   2.1699041e+02
   9.0440000e-01   2.1699044e+02
   9.0450000e-01   2.1699046e+02
   9.0460000e-01   2.1699199e+02
   9.0470000e-01   2.1699374e+02
   9.0480000e-01   2.1699548e+02
   9.0490000e-01   2.1699720e+02
   9.0500000e-01   2.1699892e+02
   9.0510000e-01   2.1700062e+02
   9.0520000e-01   2.1700230e+02
   9.0530000e-01   2.1700398e+02
   9.0540000e-01   2.1700564e+02
   9.0550000e-01   2.1700729e+02
   9.0560000e-01   2.1700893e+02
   9.0570000e-01   2.1701055e+02
   9.0580000e-01   2.1701216e+02
   9.0590000e-01   2.1701375e+02
   9.0600000e-01   2.1701532e+02
   9.0610000e-01   2.1701688e+02
   9.0620000e-01   2.1701843e+02
   9.0630000e-01   2.1701995e+02
   9.0640000e-01   2.1700927e+02
   9.0650000e-01   2.1700367e+02
   9.0660000e-01   2.1700089e+02
   9.0670000e-01   2.1699925e+02
   9.0680000e-01   2.1699825e+02
   9.0690000e-01   2.1699760e+02
   9.0700000e-01   2.1699719e+02
   9.0710000e-01   2.1699685e+02
   9.0720000e-01   2.1699669e+02
   9.0730000e-01   2.1699658e+02
   9.0740000e-01   2.1699651e+02
   9.0750000e-01   2.1699646e+02
   9.0760000e-01   2.1699642e+02
   9.0770000e-01   2.1699640e+02
   9.0780000e-01   2.1699640e+02
   9.0790000e-01   2.1699714e+02
   9.0800000e-01   2.1699638e+02
   9.0810000e-01   2.1699573e+02
   9.0820000e-01   2.1699512e+02
   9.0830000e-01   2.1699458e+02
   9.0840000e-01   2.1699408e+02
   9.0850000e-01   2.1699359e+02
   9.0860000e-01   2.1699314e+02
   9.0870000e-01   2.1699271e+02
   9.0880000e-01   2.1699230e+02
   9.0890000e-01   2.1699193e+02
   9.0900000e-01   2.1699157e+02
   9.0910000e-01   2.1699125e+02
   9.0920000e-01   2.1699096e+02
   9.0930000e-01   2.1699069e+02
   9.0940000e-01   2.1699045e+02
   9.0950000e-01   2.1699025e+02
   9.0960000e-01   2.1699007e+02
   9.0970000e-01   2.1698992e+02
   9.0980000e-01   2.1698980e+02
   9.0990000e-01   2.1699014e+02
   9.1000000e-01   2.1699022e+02
   9.1010000e-01   2.1699077e+02
   9.1020000e-01   2.1699065e+02
   9.1030000e-01   2.1699132e+02
   9.1040000e-01   2.1699224e+02
   9.1050000e-01   2.1699279e+02
   9.1060000e-01   2.1699298e+02
   9.1070000e-01   2.1699303e+02
   9.1080000e-01   2.1699300e+02
   9.1090000e-01   2.1699294e+02
   9.1100000e-01   2.1699287e+02
   9.1110000e-01   2.1699280e+02
   9.1120000e-01   2.1699274e+02
   9.1130000e-01   2.1699249e+02
   9.1140000e-01   2.1699241e+02
   9.1150000e-01   2.1699239e+02
   9.1160000e-01   2.1699230e+02
   9.1170000e-01   2.1699221e+02
   9.1180000e-01   2.1699207e+02
   9.1190000e-01   2.1699190e+02
   9.1200000e-01   2.1699171e+02
   9.1210000e-01   2.1699150e+02
   9.1220000e-01   2.1699128e+02
   9.1230000e-01   2.1699104e+02
   9.1240000e-01   2.1699080e+02
   9.1250000e-01   2.1699053e+02
   9.1260000e-01   2.1699025e+02
   9.1270000e-01   2.1698996e+02
   9.1280000e-01   2.1698965e+02
   9.1290000e-01   2.1698913e+02
   9.1300000e-01   2.1699019e+02
   9.1310000e-01   2.1698919e+02
   9.1320000e-01   2.1698971e+02
   9.1330000e-01   2.1699035e+02
   9.1340000e-01   2.1699091e+02
   9.1350000e-01   2.1699135e+02
   9.1360000e-01   2.1699168e+02
   9.1370000e-01   2.1699202e+02
   9.1380000e-01   2.1699215e+02
   9.1390000e-01   2.1699222e+02
   9.1400000e-01   2.1699225e+02
   9.1410000e-01   2.1699226e+02
   9.1420000e-01   2.1699225e+02
   9.1430000e-01   2.1699223e+02
   9.1440000e-01   2.1699221e+02
   9.1450000e-01   2.1699048e+02
   9.1460000e-01   2.1697571e+02
   9.1470000e-01   2.1694843e+02
   9.1480000e-01   2.1691071e+02
   9.1490000e-01   2.1686464e+02
   9.1500000e-01   2.1681235e+02
   9.1510000e-01   2.1675596e+02
   9.1520000e-01   2.1669761e+02
   9.1530000e-01   2.1663944e+02
   9.1540000e-01   2.1658358e+02
   9.1550000e-01   2.1653215e+02
   9.1560000e-01   2.1648723e+02
   9.1570000e-01   2.1645086e+02
   9.1580000e-01   2.1642507e+02
   9.1590000e-01   2.1641179e+02
   9.1600000e-01   2.1641291e+02
   9.1610000e-01   2.1643026e+02
   9.1620000e-01   2.1646557e+02
   9.1630000e-01   2.1652048e+02
   9.1640000e-01   2.1659655e+02
   9.1650000e-01   2.1669321e+02
   9.1660000e-01   2.1676356e+02
   9.1670000e-01   2.1680218e+02
   9.1680000e-01   2.1682462e+02
   9.1690000e-01   2.1683830e+02
   9.1700000e-01   2.1684739e+02
   9.1710000e-01   2.1685283e+02
   9.1720000e-01   2.1685640e+02
   9.1730000e-01   2.1685874e+02
   9.1740000e-01   2.1686034e+02
   9.1750000e-01   2.1686144e+02
   9.1760000e-01   2.1686221e+02
   9.1770000e-01   2.1686275e+02
   9.1780000e-01   2.1686313e+02
   9.1790000e-01   2.1686304e+02
   9.1800000e-01   2.1686195e+02
   9.1810000e-01   2.1686024e+02
   9.1820000e-01   2.1685824e+02
   9.1830000e-01   2.1685611e+02
   9.1840000e-01   2.1685396e+02
   9.1850000e-01   2.1685182e+02
   9.1860000e-01   2.1684974e+02
   9.1870000e-01   2.1684773e+02
   9.1880000e-01   2.1684581e+02
   9.1890000e-01   2.1684398e+02
   9.1900000e-01   2.1684225e+02
   9.1910000e-01   2.1684062e+02
   9.1920000e-01   2.1683911e+02
   9.1930000e-01   2.1683772e+02
   9.1940000e-01   2.1683646e+02
   9.1950000e-01   2.1683534e+02
   9.1960000e-01   2.1683436e+02
   9.1970000e-01   2.1683352e+02
   9.1980000e-01   2.1683409e+02
   9.1990000e-01   2.1683535e+02
   9.2000000e-01   2.1683620e+02
   9.2010000e-01   2.1683837e+02
   9.2020000e-01   2.1683848e+02
   9.2030000e-01   2.1683862e+02
   9.2040000e-01   2.1683923e+02
   9.2050000e-01   2.1683981e+02
   9.2060000e-01   2.1684030e+02
   9.2070000e-01   2.1684068e+02
   9.2080000e-01   2.1684099e+02
   9.2090000e-01   2.1684123e+02
   9.2100000e-01   2.1684142e+02
   9.2110000e-01   2.1684156e+02
   9.2120000e-01   2.1684166e+02
   9.2130000e-01   2.1684151e+02
   9.2140000e-01   2.1684165e+02
   9.2150000e-01   2.1684169e+02
   9.2160000e-01   2.1684165e+02
   9.2170000e-01   2.1684157e+02
   9.2180000e-01   2.1684147e+02
   9.2190000e-01   2.1684135e+02
   9.2200000e-01   2.1684123e+02
   9.2210000e-01   2.1684083e+02
   9.2220000e-01   2.1684124e+02
   9.2230000e-01   2.1684090e+02
   9.2240000e-01   2.1684068e+02
   9.2250000e-01   2.1684049e+02
   9.2260000e-01   2.1684031e+02
   9.2270000e-01   2.1684014e+02
   9.2280000e-01   2.1683965e+02
   9.2290000e-01   2.1684042e+02
   9.2300000e-01   2.1683922e+02
   9.2310000e-01   2.1683988e+02
   9.2320000e-01   2.1684039e+02
   9.2330000e-01   2.1684104e+02
   9.2340000e-01   2.1684164e+02
   9.2350000e-01   2.1684214e+02
   9.2360000e-01   2.1684255e+02
   9.2370000e-01   2.1684297e+02
   9.2380000e-01   2.1684318e+02
   9.2390000e-01   2.1684334e+02
   9.2400000e-01   2.1684346e+02
   9.2410000e-01   2.1684356e+02
   9.2420000e-01   2.1684364e+02
   9.2430000e-01   2.1684371e+02
   9.2440000e-01   2.1684378e+02
   9.2450000e-01   2.1684384e+02
   9.2460000e-01   2.1684718e+02
   9.2470000e-01   2.1686305e+02
   9.2480000e-01   2.1688943e+02
   9.2490000e-01   2.1692419e+02
   9.2500000e-01   2.1696522e+02
   9.2510000e-01   2.1701037e+02
   9.2520000e-01   2.1705750e+02
   9.2530000e-01   2.1710445e+02
   9.2540000e-01   2.1714911e+02
   9.2550000e-01   2.1718935e+02
   9.2560000e-01   2.1722311e+02
   9.2570000e-01   2.1724834e+02
   9.2580000e-01   2.1726306e+02
   9.2590000e-01   2.1726532e+02
   9.2600000e-01   2.1725324e+02
   9.2610000e-01   2.1722503e+02
   9.2620000e-01   2.1717895e+02
   9.2630000e-01   2.1711334e+02
   9.2640000e-01   2.1704113e+02
   9.2650000e-01   2.1699559e+02
   9.2660000e-01   2.1697031e+02
   9.2670000e-01   2.1695538e+02
   9.2680000e-01   2.1694619e+02
   9.2690000e-01   2.1694036e+02
   9.2700000e-01   2.1693651e+02
   9.2710000e-01   2.1693406e+02
   9.2720000e-01   2.1693241e+02
   9.2730000e-01   2.1693129e+02
   9.2740000e-01   2.1693053e+02
   9.2750000e-01   2.1693000e+02
   9.2760000e-01   2.1692964e+02
   9.2770000e-01   2.1692938e+02
   9.2780000e-01   2.1692919e+02
   9.2790000e-01   2.1692887e+02
   9.2800000e-01   2.1692866e+02
   9.2810000e-01   2.1692860e+02
   9.2820000e-01   2.1692856e+02
   9.2830000e-01   2.1692849e+02
   9.2840000e-01   2.1692840e+02
   9.2850000e-01   2.1692831e+02
   9.2860000e-01   2.1692822e+02
   9.2870000e-01   2.1692813e+02
   9.2880000e-01   2.1692766e+02
   9.2890000e-01   2.1692777e+02
   9.2900000e-01   2.1692767e+02
   9.2910000e-01   2.1692777e+02
   9.2920000e-01   2.1692776e+02
   9.2930000e-01   2.1692768e+02
   9.2940000e-01   2.1692762e+02
   9.2950000e-01   2.1692758e+02
   9.2960000e-01   2.1692754e+02
   9.2970000e-01   2.1692750e+02
   9.2980000e-01   2.1692723e+02
   9.2990000e-01   2.1692735e+02
   9.3000000e-01   2.1692740e+02
   9.3010000e-01   2.1692665e+02
   9.3020000e-01   2.1692663e+02
   9.3030000e-01   2.1692643e+02
   9.3040000e-01   2.1692572e+02
   9.3050000e-01   2.1692497e+02
   9.3060000e-01   2.1692454e+02
   9.3070000e-01   2.1692414e+02
   9.3080000e-01   2.1692384e+02
   9.3090000e-01   2.1692360e+02
   9.3100000e-01   2.1692343e+02
   9.3110000e-01   2.1692329e+02
   9.3120000e-01   2.1692320e+02
   9.3130000e-01   2.1692332e+02
   9.3140000e-01   2.1692312e+02
   9.3150000e-01   2.1692296e+02
   9.3160000e-01   2.1692286e+02
   9.3170000e-01   2.1692271e+02
   9.3180000e-01   2.1692193e+02
   9.3190000e-01   2.1692225e+02
   9.3200000e-01   2.1692235e+02
   9.3210000e-01   2.1692235e+02
   9.3220000e-01   2.1692230e+02
   9.3230000e-01   2.1692223e+02
   9.3240000e-01   2.1692217e+02
   9.3250000e-01   2.1692210e+02
   9.3260000e-01   2.1692204e+02
   9.3270000e-01   2.1692200e+02
   9.3280000e-01   2.1692196e+02
   9.3290000e-01   2.1692246e+02
   9.3300000e-01   2.1692087e+02
   9.3310000e-01   2.1692178e+02
   9.3320000e-01   2.1692244e+02
   9.3330000e-01   2.1692301e+02
   9.3340000e-01   2.1692347e+02
   9.3350000e-01   2.1692384e+02
   9.3360000e-01   2.1692413e+02
   9.3370000e-01   2.1692436e+02
   9.3380000e-01   2.1692454e+02
   9.3390000e-01   2.1692468e+02
   9.3400000e-01   2.1692479e+02
   9.3410000e-01   2.1692489e+02
   9.3420000e-01   2.1692497e+02
   9.3430000e-01   2.1692504e+02
   9.3440000e-01   2.1692510e+02
   9.3450000e-01   2.1692685e+02
   9.3460000e-01   2.1694165e+02
   9.3470000e-01   2.1696894e+02
   9.3480000e-01   2.1700666e+02
   9.3490000e-01   2.1705269e+02
   9.3500000e-01   2.1710493e+02
   9.3510000e-01   2.1716123e+02
   9.3520000e-01   2.1721945e+02
   9.3530000e-01   2.1727747e+02
   9.3540000e-01   2.1733314e+02
   9.3550000e-01   2.1738438e+02
   9.3560000e-01   2.1742912e+02
   9.3570000e-01   2.1746531e+02
   9.3580000e-01   2.1749098e+02
   9.3590000e-01   2.1750419e+02
   9.3600000e-01   2.1750306e+02
   9.3610000e-01   2.1748579e+02
   9.3620000e-01   2.1745064e+02
   9.3630000e-01   2.1739595e+02
   9.3640000e-01   2.1732015e+02
   9.3650000e-01   2.1722376e+02
   9.3660000e-01   2.1715355e+02
   9.3670000e-01   2.1711499e+02
   9.3680000e-01   2.1709257e+02
   9.3690000e-01   2.1707890e+02
   9.3700000e-01   2.1706978e+02
   9.3710000e-01   2.1706433e+02
   9.3720000e-01   2.1706077e+02
   9.3730000e-01   2.1705843e+02
   9.3740000e-01   2.1705684e+02
   9.3750000e-01   2.1705574e+02
   9.3760000e-01   2.1705497e+02
   9.3770000e-01   2.1705444e+02
   9.3780000e-01   2.1705406e+02
   9.3790000e-01   2.1705377e+02
   9.3800000e-01   2.1705348e+02
   9.3810000e-01   2.1705288e+02
   9.3820000e-01   2.1705223e+02
   9.3830000e-01   2.1705156e+02
   9.3840000e-01   2.1705089e+02
   9.3850000e-01   2.1705024e+02
   9.3860000e-01   2.1704962e+02
   9.3870000e-01   2.1704904e+02
   9.3880000e-01   2.1704849e+02
   9.3890000e-01   2.1704798e+02
   9.3900000e-01   2.1704751e+02
   9.3910000e-01   2.1704708e+02
   9.3920000e-01   2.1704669e+02
   9.3930000e-01   2.1704635e+02
   9.3940000e-01   2.1704604e+02
   9.3950000e-01   2.1704578e+02
   9.3960000e-01   2.1704554e+02
   9.3970000e-01   2.1704617e+02
   9.3980000e-01   2.1704628e+02
   9.3990000e-01   2.1704648e+02
   9.4000000e-01   2.1704655e+02
   9.4010000e-01   2.1705090e+02
   9.4020000e-01   2.1705059e+02
   9.4030000e-01   2.1705062e+02
   9.4040000e-01   2.1705036e+02
   9.4050000e-01   2.1705019e+02
   9.4060000e-01   2.1705010e+02
   9.4070000e-01   2.1705006e+02
   9.4080000e-01   2.1705005e+02
   9.4090000e-01   2.1705005e+02
   9.4100000e-01   2.1705005e+02
   9.4110000e-01   2.1705006e+02
   9.4120000e-01   2.1705006e+02
   9.4130000e-01   2.1705013e+02
   9.4140000e-01   2.1705017e+02
   9.4150000e-01   2.1704996e+02
   9.4160000e-01   2.1704973e+02
   9.4170000e-01   2.1704951e+02
   9.4180000e-01   2.1704928e+02
   9.4190000e-01   2.1704906e+02
   9.4200000e-01   2.1704882e+02
   9.4210000e-01   2.1704859e+02
   9.4220000e-01   2.1704835e+02
   9.4230000e-01   2.1704811e+02
   9.4240000e-01   2.1704787e+02
   9.4250000e-01   2.1704763e+02
   9.4260000e-01   2.1704739e+02
   9.4270000e-01   2.1704714e+02
   9.4280000e-01   2.1704721e+02
   9.4290000e-01   2.1704621e+02
   9.4300000e-01   2.1704759e+02
   9.4310000e-01   2.1704603e+02
   9.4320000e-01   2.1704702e+02
   9.4330000e-01   2.1704783e+02
   9.4340000e-01   2.1704843e+02
   9.4350000e-01   2.1704887e+02
   9.4360000e-01   2.1704916e+02
   9.4370000e-01   2.1704925e+02
   9.4380000e-01   2.1704940e+02
   9.4390000e-01   2.1704950e+02
   9.4400000e-01   2.1704957e+02
   9.4410000e-01   2.1704961e+02
   9.4420000e-01   2.1704963e+02
   9.4430000e-01   2.1704963e+02
   9.4440000e-01   2.1704962e+02
   9.4450000e-01   2.1704961e+02
   9.4460000e-01   2.1704725e+02
   9.4470000e-01   2.1703288e+02
   9.4480000e-01   2.1700800e+02
   9.4490000e-01   2.1697472e+02
   9.4500000e-01   2.1693515e+02
   9.4510000e-01   2.1689143e+02
   9.4520000e-01   2.1684571e+02
   9.4530000e-01   2.1680013e+02
   9.4540000e-01   2.1675683e+02
   9.4550000e-01   2.1671791e+02
   9.4560000e-01   2.1668547e+02
   9.4570000e-01   2.1666156e+02
   9.4580000e-01   2.1664818e+02
   9.4590000e-01   2.1664727e+02
   9.4600000e-01   2.1666072e+02
   9.4610000e-01   2.1669034e+02
   9.4620000e-01   2.1673785e+02
   9.4630000e-01   2.1680488e+02
   9.4640000e-01   2.1687326e+02
   9.4650000e-01   2.1691096e+02
   9.4660000e-01   2.1693317e+02
   9.4670000e-01   2.1694634e+02
   9.4680000e-01   2.1695449e+02
   9.4690000e-01   2.1695970e+02
   9.4700000e-01   2.1696314e+02
   9.4710000e-01   2.1696535e+02
   9.4720000e-01   2.1696685e+02
   9.4730000e-01   2.1696787e+02
   9.4740000e-01   2.1696858e+02
   9.4750000e-01   2.1696908e+02
   9.4760000e-01   2.1696943e+02
   9.4770000e-01   2.1696969e+02
   9.4780000e-01   2.1696989e+02
   9.4790000e-01   2.1696987e+02
   9.4800000e-01   2.1696985e+02
   9.4810000e-01   2.1696974e+02
   9.4820000e-01   2.1696957e+02
   9.4830000e-01   2.1696939e+02
   9.4840000e-01   2.1696921e+02
   9.4850000e-01   2.1696903e+02
   9.4860000e-01   2.1696885e+02
   9.4870000e-01   2.1696869e+02
   9.4880000e-01   2.1696890e+02
   9.4890000e-01   2.1696855e+02
   9.4900000e-01   2.1696842e+02
   9.4910000e-01   2.1696810e+02
   9.4920000e-01   2.1696791e+02
   9.4930000e-01   2.1696779e+02
   9.4940000e-01   2.1696767e+02
   9.4950000e-01   2.1696756e+02
   9.4960000e-01   2.1696746e+02
   9.4970000e-01   2.1696737e+02
   9.4980000e-01   2.1696753e+02
   9.4990000e-01   2.1696754e+02
   9.5000000e-01   2.1696760e+02
   9.5010000e-01   2.1696735e+02
   9.5020000e-01   2.1696772e+02
   9.5030000e-01   2.1696735e+02
   9.5040000e-01   2.1696735e+02
   9.5050000e-01   2.1696762e+02
   9.5060000e-01   2.1696791e+02
   9.5070000e-01   2.1696828e+02
   9.5080000e-01   2.1696861e+02
   9.5090000e-01   2.1696889e+02
   9.5100000e-01   2.1696912e+02
   9.5110000e-01   2.1696930e+02
   9.5120000e-01   2.1696943e+02
   9.5130000e-01   2.1696962e+02
   9.5140000e-01   2.1696966e+02
   9.5150000e-01   2.1696962e+02
   9.5160000e-01   2.1696937e+02
   9.5170000e-01   2.1696920e+02
   9.5180000e-01   2.1696969e+02
   9.5190000e-01   2.1696908e+02
   9.5200000e-01   2.1696867e+02
   9.5210000e-01   2.1696836e+02
   9.5220000e-01   2.1696809e+02
   9.5230000e-01   2.1696783e+02
   9.5240000e-01   2.1696757e+02
   9.5250000e-01   2.1696730e+02
   9.5260000e-01   2.1696701e+02
   9.5270000e-01   2.1696672e+02
   9.5280000e-01   2.1696642e+02
   9.5290000e-01   2.1696626e+02
   9.5300000e-01   2.1696578e+02
   9.5310000e-01   2.1696557e+02
   9.5320000e-01   2.1696648e+02
   9.5330000e-01   2.1696721e+02
   9.5340000e-01   2.1696775e+02
   9.5350000e-01   2.1696812e+02
   9.5360000e-01   2.1696838e+02
   9.5370000e-01   2.1696854e+02
   9.5380000e-01   2.1696865e+02
   9.5390000e-01   2.1696872e+02
   9.5400000e-01   2.1696875e+02
   9.5410000e-01   2.1696877e+02
   9.5420000e-01   2.1696877e+02
   9.5430000e-01   2.1696877e+02
   9.5440000e-01   2.1696876e+02
   9.5450000e-01   2.1696765e+02
   9.5460000e-01   2.1695428e+02
   9.5470000e-01   2.1692840e+02
   9.5480000e-01   2.1689208e+02
   9.5490000e-01   2.1684741e+02
   9.5500000e-01   2.1679650e+02
   9.5510000e-01   2.1674149e+02
   9.5520000e-01   2.1668452e+02
   9.5530000e-01   2.1662772e+02
   9.5540000e-01   2.1657322e+02
   9.5550000e-01   2.1652314e+02
   9.5560000e-01   2.1647957e+02
   9.5570000e-01   2.1644454e+02
   9.5580000e-01   2.1642007e+02
   9.5590000e-01   2.1640811e+02
   9.5600000e-01   2.1641055e+02
   9.5610000e-01   2.1642920e+02
   9.5620000e-01   2.1646580e+02
   9.5630000e-01   2.1652200e+02
   9.5640000e-01   2.1659934e+02
   9.5650000e-01   2.1669676e+02
   9.5660000e-01   2.1675801e+02
   9.5670000e-01   2.1679171e+02
   9.5680000e-01   2.1681162e+02
   9.5690000e-01   2.1682386e+02
   9.5700000e-01   2.1683165e+02
   9.5710000e-01   2.1683670e+02
   9.5720000e-01   2.1684002e+02
   9.5730000e-01   2.1684223e+02
   9.5740000e-01   2.1684372e+02
   9.5750000e-01   2.1684474e+02
   9.5760000e-01   2.1684544e+02
   9.5770000e-01   2.1684592e+02
   9.5780000e-01   2.1684626e+02
   9.5790000e-01   2.1684721e+02
   9.5800000e-01   2.1684804e+02
   9.5810000e-01   2.1684991e+02
   9.5820000e-01   2.1685210e+02
   9.5830000e-01   2.1685444e+02
   9.5840000e-01   2.1685680e+02
   9.5850000e-01   2.1685913e+02
   9.5860000e-01   2.1686140e+02
   9.5870000e-01   2.1686358e+02
   9.5880000e-01   2.1686566e+02
   9.5890000e-01   2.1686764e+02
   9.5900000e-01   2.1686950e+02
   9.5910000e-01   2.1687124e+02
   9.5920000e-01   2.1687286e+02
   9.5930000e-01   2.1687434e+02
   9.5940000e-01   2.1687568e+02
   9.5950000e-01   2.1687687e+02
   9.5960000e-01   2.1687791e+02
   9.5970000e-01   2.1687798e+02
   9.5980000e-01   2.1687718e+02
   9.5990000e-01   2.1687617e+02
   9.6000000e-01   2.1687535e+02
   9.6010000e-01   2.1687107e+02
   9.6020000e-01   2.1687116e+02
   9.6030000e-01   2.1687104e+02
   9.6040000e-01   2.1687083e+02
   9.6050000e-01   2.1687059e+02
   9.6060000e-01   2.1687038e+02
   9.6070000e-01   2.1687019e+02
   9.6080000e-01   2.1687003e+02
   9.6090000e-01   2.1686991e+02
   9.6100000e-01   2.1686982e+02
   9.6110000e-01   2.1686975e+02
   9.6120000e-01   2.1686970e+02
   9.6130000e-01   2.1686970e+02
   9.6140000e-01   2.1686943e+02
   9.6150000e-01   2.1686941e+02
   9.6160000e-01   2.1686939e+02
   9.6170000e-01   2.1686936e+02
   9.6180000e-01   2.1686930e+02
   9.6190000e-01   2.1686924e+02
   9.6200000e-01   2.1686916e+02
   9.6210000e-01   2.1686932e+02
   9.6220000e-01   2.1686919e+02
   9.6230000e-01   2.1686892e+02
   9.6240000e-01   2.1686878e+02
   9.6250000e-01   2.1686863e+02
   9.6260000e-01   2.1686848e+02
   9.6270000e-01   2.1686832e+02
   9.6280000e-01   2.1686816e+02
   9.6290000e-01   2.1686893e+02
   9.6300000e-01   2.1686795e+02
   9.6310000e-01   2.1686864e+02
   9.6320000e-01   2.1686884e+02
   9.6330000e-01   2.1686919e+02
   9.6340000e-01   2.1686953e+02
   9.6350000e-01   2.1686982e+02
   9.6360000e-01   2.1687006e+02
   9.6370000e-01   2.1687036e+02
   9.6380000e-01   2.1687047e+02
   9.6390000e-01   2.1687055e+02
   9.6400000e-01   2.1687061e+02
   9.6410000e-01   2.1687066e+02
   9.6420000e-01   2.1687070e+02
   9.6430000e-01   2.1687073e+02
   9.6440000e-01   2.1687076e+02
   9.6450000e-01   2.1687019e+02
   9.6460000e-01   2.1686070e+02
   9.6470000e-01   2.1685070e+02
   9.6480000e-01   2.1684075e+02
   9.6490000e-01   2.1683087e+02
   9.6500000e-01   2.1682102e+02
   9.6510000e-01   2.1681122e+02
   9.6520000e-01   2.1680145e+02
   9.6530000e-01   2.1679171e+02
   9.6540000e-01   2.1678199e+02
   9.6550000e-01   2.1677229e+02
   9.6560000e-01   2.1676260e+02
   9.6570000e-01   2.1675291e+02
   9.6580000e-01   2.1674324e+02
   9.6590000e-01   2.1673357e+02
   9.6600000e-01   2.1672391e+02
   9.6610000e-01   2.1671426e+02
   9.6620000e-01   2.1670463e+02
   9.6630000e-01   2.1669504e+02
   9.6640000e-01   2.1670521e+02
   9.6650000e-01   2.1675501e+02
   9.6660000e-01   2.1678849e+02
   9.6670000e-01   2.1680653e+02
   9.6680000e-01   2.1681674e+02
   9.6690000e-01   2.1682281e+02
   9.6700000e-01   2.1682700e+02
   9.6710000e-01   2.1682914e+02
   9.6720000e-01   2.1683058e+02
   9.6730000e-01   2.1683155e+02
   9.6740000e-01   2.1683219e+02
   9.6750000e-01   2.1683261e+02
   9.6760000e-01   2.1683289e+02
   9.6770000e-01   2.1683308e+02
   9.6780000e-01   2.1683320e+02
   9.6790000e-01   2.1683242e+02
   9.6800000e-01   2.1683138e+02
   9.6810000e-01   2.1682973e+02
   9.6820000e-01   2.1682739e+02
   9.6830000e-01   2.1682471e+02
   9.6840000e-01   2.1682196e+02
   9.6850000e-01   2.1681924e+02
   9.6860000e-01   2.1681659e+02
   9.6870000e-01   2.1681405e+02
   9.6880000e-01   2.1681163e+02
   9.6890000e-01   2.1680934e+02
   9.6900000e-01   2.1680721e+02
   9.6910000e-01   2.1680522e+02
   9.6920000e-01   2.1680339e+02
   9.6930000e-01   2.1680172e+02
   9.6940000e-01   2.1680023e+02
   9.6950000e-01   2.1679891e+02
   9.6960000e-01   2.1679767e+02
   9.6970000e-01   2.1679792e+02
   9.6980000e-01   2.1679919e+02
   9.6990000e-01   2.1680043e+02
   9.7000000e-01   2.1680136e+02
   9.7010000e-01   2.1680269e+02
   9.7020000e-01   2.1680242e+02
   9.7030000e-01   2.1680225e+02
   9.7040000e-01   2.1680157e+02
   9.7050000e-01   2.1680076e+02
   9.7060000e-01   2.1679999e+02
   9.7070000e-01   2.1679931e+02
   9.7080000e-01   2.1679873e+02
   9.7090000e-01   2.1679826e+02
   9.7100000e-01   2.1679789e+02
   9.7110000e-01   2.1679759e+02
   9.7120000e-01   2.1679736e+02
   9.7130000e-01   2.1679726e+02
   9.7140000e-01   2.1679686e+02
   9.7150000e-01   2.1679662e+02
   9.7160000e-01   2.1679655e+02
   9.7170000e-01   2.1679639e+02
   9.7180000e-01   2.1679623e+02
   9.7190000e-01   2.1679605e+02
   9.7200000e-01   2.1679586e+02
   9.7210000e-01   2.1679566e+02
   9.7220000e-01   2.1679544e+02
   9.7230000e-01   2.1679520e+02
   9.7240000e-01   2.1679495e+02
   9.7250000e-01   2.1679467e+02
   9.7260000e-01   2.1679437e+02
   9.7270000e-01   2.1679405e+02
   9.7280000e-01   2.1679371e+02
   9.7290000e-01   2.1679268e+02
   9.7300000e-01   2.1679299e+02
   9.7310000e-01   2.1679351e+02
   9.7320000e-01   2.1679412e+02
   9.7330000e-01   2.1679471e+02
   9.7340000e-01   2.1679522e+02
   9.7350000e-01   2.1679561e+02
   9.7360000e-01   2.1679590e+02
   9.7370000e-01   2.1679569e+02
   9.7380000e-01   2.1679608e+02
   9.7390000e-01   2.1679627e+02
   9.7400000e-01   2.1679638e+02
   9.7410000e-01   2.1679644e+02
   9.7420000e-01   2.1679648e+02
   9.7430000e-01   2.1679651e+02
   9.7440000e-01   2.1679652e+02
   9.7450000e-01   2.1679763e+02
   9.7460000e-01   2.1680942e+02
   9.7470000e-01   2.1682235e+02
   9.7480000e-01   2.1683520e+02
   9.7490000e-01   2.1684797e+02
   9.7500000e-01   2.1686068e+02
   9.7510000e-01   2.1687333e+02
   9.7520000e-01   2.1688593e+02
   9.7530000e-01   2.1689848e+02
   9.7540000e-01   2.1691099e+02
   9.7550000e-01   2.1692345e+02
   9.7560000e-01   2.1693589e+02
   9.7570000e-01   2.1694830e+02
   9.7580000e-01   2.1696067e+02
   9.7590000e-01   2.1697302e+02
   9.7600000e-01   2.1698533e+02
   9.7610000e-01   2.1699760e+02
   9.7620000e-01   2.1700983e+02
   9.7630000e-01   2.1702199e+02
   9.7640000e-01   2.1700691e+02
   9.7650000e-01   2.1694265e+02
   9.7660000e-01   2.1690043e+02
   9.7670000e-01   2.1687819e+02
   9.7680000e-01   2.1686546e+02
   9.7690000e-01   2.1685784e+02
   9.7700000e-01   2.1685310e+02
   9.7710000e-01   2.1685008e+02
   9.7720000e-01   2.1684812e+02
   9.7730000e-01   2.1684683e+02
   9.7740000e-01   2.1684597e+02
   9.7750000e-01   2.1684540e+02
   9.7760000e-01   2.1684502e+02
   9.7770000e-01   2.1684476e+02
   9.7780000e-01   2.1684459e+02
   9.7790000e-01   2.1684400e+02
   9.7800000e-01   2.1684402e+02
   9.7810000e-01   2.1684389e+02
   9.7820000e-01   2.1684370e+02
   9.7830000e-01   2.1684350e+02
   9.7840000e-01   2.1684329e+02
   9.7850000e-01   2.1684308e+02
   9.7860000e-01   2.1684288e+02
   9.7870000e-01   2.1684270e+02
   9.7880000e-01   2.1684226e+02
   9.7890000e-01   2.1684213e+02
   9.7900000e-01   2.1684201e+02
   9.7910000e-01   2.1684207e+02
   9.7920000e-01   2.1684203e+02
   9.7930000e-01   2.1684191e+02
   9.7940000e-01   2.1684182e+02
   9.7950000e-01   2.1684175e+02
   9.7960000e-01   2.1684169e+02
   9.7970000e-01   2.1684162e+02
   9.7980000e-01   2.1684150e+02
   9.7990000e-01   2.1684162e+02
   9.8000000e-01   2.1684174e+02
   9.8010000e-01   2.1684287e+02
   9.8020000e-01   2.1684292e+02
   9.8030000e-01   2.1684358e+02
   9.8040000e-01   2.1684491e+02
   9.8050000e-01   2.1684602e+02
   9.8060000e-01   2.1684696e+02
   9.8070000e-01   2.1684765e+02
   9.8080000e-01   2.1684819e+02
   9.8090000e-01   2.1684859e+02
   9.8100000e-01   2.1684888e+02
   9.8110000e-01   2.1684910e+02
   9.8120000e-01   2.1684926e+02
   9.8130000e-01   2.1684960e+02
   9.8140000e-01   2.1684947e+02
   9.8150000e-01   2.1684935e+02
   9.8160000e-01   2.1684925e+02
   9.8170000e-01   2.1684913e+02
   9.8180000e-01   2.1684900e+02
   9.8190000e-01   2.1684883e+02
   9.8200000e-01   2.1684863e+02
   9.8210000e-01   2.1684832e+02
   9.8220000e-01   2.1684798e+02
   9.8230000e-01   2.1684774e+02
   9.8240000e-01   2.1684742e+02
   9.8250000e-01   2.1684706e+02
   9.8260000e-01   2.1684666e+02
   9.8270000e-01   2.1684624e+02
   9.8280000e-01   2.1684579e+02
   9.8290000e-01   2.1684418e+02
   9.8300000e-01   2.1684392e+02
   9.8310000e-01   2.1684451e+02
   9.8320000e-01   2.1684566e+02
   9.8330000e-01   2.1684665e+02
   9.8340000e-01   2.1684745e+02
   9.8350000e-01   2.1684805e+02
   9.8360000e-01   2.1684848e+02
   9.8370000e-01   2.1684870e+02
   9.8380000e-01   2.1684891e+02
   9.8390000e-01   2.1684911e+02
   9.8400000e-01   2.1684924e+02
   9.8410000e-01   2.1684931e+02
   9.8420000e-01   2.1684935e+02
   9.8430000e-01   2.1684938e+02
   9.8440000e-01   2.1684940e+02
   9.8450000e-01   2.1684973e+02
   9.8460000e-01   2.1685110e+02
   9.8470000e-01   2.1685247e+02
   9.8480000e-01   2.1685383e+02
   9.8490000e-01   2.1685518e+02
   9.8500000e-01   2.1685653e+02
   9.8510000e-01   2.1685786e+02
   9.8520000e-01   2.1685919e+02
   9.8530000e-01   2.1686051e+02
   9.8540000e-01   2.1686182e+02
   9.8550000e-01   2.1686313e+02
   9.8560000e-01   2.1686442e+02
   9.8570000e-01   2.1686570e+02
   9.8580000e-01   2.1686698e+02
   9.8590000e-01   2.1686824e+02
   9.8600000e-01   2.1686950e+02
   9.8610000e-01   2.1687074e+02
   9.8620000e-01   2.1687198e+02
   9.8630000e-01   2.1687320e+02
   9.8640000e-01   2.1687441e+02
   9.8650000e-01   2.1686922e+02
   9.8660000e-01   2.1686250e+02
   9.8670000e-01   2.1685955e+02
   9.8680000e-01   2.1685786e+02
   9.8690000e-01   2.1685687e+02
   9.8700000e-01   2.1685579e+02
   9.8710000e-01   2.1685570e+02
   9.8720000e-01   2.1685558e+02
   9.8730000e-01   2.1685547e+02
   9.8740000e-01   2.1685540e+02
   9.8750000e-01   2.1685535e+02
   9.8760000e-01   2.1685531e+02
   9.8770000e-01   2.1685530e+02
   9.8780000e-01   2.1685529e+02
   9.8790000e-01   2.1685523e+02
   9.8800000e-01   2.1685667e+02
   9.8810000e-01   2.1685818e+02
   9.8820000e-01   2.1686019e+02
   9.8830000e-01   2.1686251e+02
   9.8840000e-01   2.1686489e+02
   9.8850000e-01   2.1686726e+02
   9.8860000e-01   2.1686956e+02
   9.8870000e-01   2.1687177e+02
   9.8880000e-01   2.1687388e+02
   9.8890000e-01   2.1687587e+02
   9.8900000e-01   2.1687774e+02
   9.8910000e-01   2.1687948e+02
   9.8920000e-01   2.1688109e+02
   9.8930000e-01   2.1688255e+02
   9.8940000e-01   2.1688387e+02
   9.8950000e-01   2.1688503e+02
   9.8960000e-01   2.1688614e+02
   9.8970000e-01   2.1688578e+02
   9.8980000e-01   2.1688416e+02
   9.8990000e-01   2.1688318e+02
   9.9000000e-01   2.1688247e+02
   9.9010000e-01   2.1688630e+02
   9.9020000e-01   2.1688610e+02
   9.9030000e-01   2.1688639e+02
   9.9040000e-01   2.1688662e+02
   9.9050000e-01   2.1688704e+02
   9.9060000e-01   2.1688754e+02
   9.9070000e-01   2.1688805e+02
   9.9080000e-01   2.1688849e+02
   9.9090000e-01   2.1688887e+02
   9.9100000e-01   2.1688918e+02
   9.9110000e-01   2.1688942e+02
   9.9120000e-01   2.1688960e+02
   9.9130000e-01   2.1688996e+02
   9.9140000e-01   2.1688982e+02
   9.9150000e-01   2.1688921e+02
   9.9160000e-01   2.1688929e+02
   9.9170000e-01   2.1688916e+02
   9.9180000e-01   2.1688897e+02
   9.9190000e-01   2.1688876e+02
   9.9200000e-01   2.1688849e+02
   9.9210000e-01   2.1688818e+02
   9.9220000e-01   2.1688785e+02
   9.9230000e-01   2.1688751e+02
   9.9240000e-01   2.1688716e+02
   9.9250000e-01   2.1688680e+02
   9.9260000e-01   2.1688644e+02
   9.9270000e-01   2.1688607e+02
   9.9280000e-01   2.1688570e+02
   9.9290000e-01   2.1688552e+02
   9.9300000e-01   2.1688586e+02
   9.9310000e-01   2.1688627e+02
   9.9320000e-01   2.1688718e+02
   9.9330000e-01   2.1688802e+02
   9.9340000e-01   2.1688872e+02
   9.9350000e-01   2.1688924e+02
   9.9360000e-01   2.1688961e+02
   9.9370000e-01   2.1688998e+02
   9.9380000e-01   2.1689010e+02
   9.9390000e-01   2.1689017e+02
   9.9400000e-01   2.1689021e+02
   9.9410000e-01   2.1689023e+02
   9.9420000e-01   2.1689022e+02
   9.9430000e-01   2.1689020e+02
   9.9440000e-01   2.1689017e+02
   9.9450000e-01   2.1689013e+02
   9.9460000e-01   2.1689074e+02
   9.9470000e-01   2.1689218e+02
   9.9480000e-01   2.1689361e+02
   9.9490000e-01   2.1689505e+02
   9.9500000e-01   2.1689646e+02
   9.9510000e-01   2.1689787e+02
   9.9520000e-01   2.1689926e+02
   9.9530000e-01   2.1690065e+02
   9.9540000e-01   2.1690202e+02
   9.9550000e-01   2.1690339e+02
   9.9560000e-01   2.1690474e+02
   9.9570000e-01   2.1690607e+02
   9.9580000e-01   2.1690740e+02
   9.9590000e-01   2.1690872e+02
   9.9600000e-01   2.1691002e+02
   9.9610000e-01   2.1691130e+02
   9.9620000e-01   2.1691258e+02
   9.9630000e-01   2.1691318e+02
   9.9640000e-01   2.1690356e+02
   9.9650000e-01   2.1689924e+02
   9.9660000e-01   2.1689696e+02
   9.9670000e-01   2.1689567e+02
   9.9680000e-01   2.1689489e+02
   9.9690000e-01   2.1689440e+02
   9.9700000e-01   2.1689474e+02
   9.9710000e-01   2.1689430e+02
   9.9720000e-01   2.1689402e+02
   9.9730000e-01   2.1689382e+02
   9.9740000e-01   2.1689372e+02
   9.9750000e-01   2.1689367e+02
   9.9760000e-01   2.1689365e+02
   9.9770000e-01   2.1689364e+02
   9.9780000e-01   2.1689364e+02
   9.9790000e-01   2.1689342e+02
   9.9800000e-01   2.1689229e+02
   9.9810000e-01   2.1689031e+02
   9.9820000e-01   2.1688785e+02
   9.9830000e-01   2.1688502e+02
   9.9840000e-01   2.1688211e+02
   9.9850000e-01   2.1687923e+02
   9.9860000e-01   2.1687642e+02
   9.9870000e-01   2.1687373e+02
   9.9880000e-01   2.1687143e+02
   9.9890000e-01   2.1686896e+02
   9.9900000e-01   2.1686666e+02
   9.9910000e-01   2.1686434e+02
   9.9920000e-01   2.1686231e+02
   9.9930000e-01   2.1686054e+02
   9.9940000e-01   2.1685893e+02
   9.9950000e-01   2.1685749e+02
   9.9960000e-01   2.1685695e+02
   9.9970000e-01   2.1685727e+02
   9.9980000e-01   2.1685871e+02
   9.9990000e-01   2.1685996e+02
