   7.9990000e-01   2.1673034e+02
   8.0000000e-01   2.1675086e+02
   8.0010000e-01   2.1670408e+02
   8.0020000e-01   2.1677237e+02
   8.0030000e-01   2.1680297e+02
   8.0040000e-01   2.1681600e+02
   8.0050000e-01   2.1682311e+02
   8.0060000e-01   2.1682796e+02
   8.0070000e-01   2.1683104e+02
   8.0080000e-01   2.1683306e+02
   8.0090000e-01   2.1683442e+02
   8.0100000e-01   2.1683535e+02
   8.0110000e-01   2.1683601e+02
   8.0120000e-01   2.1683672e+02
   8.0130000e-01   2.1683758e+02
   8.0140000e-01   2.1683847e+02
   8.0150000e-01   2.1683938e+02
   8.0160000e-01   2.1684033e+02
   8.0170000e-01   2.1684135e+02
   8.0180000e-01   2.1684244e+02
   8.0190000e-01   2.1684362e+02
   8.0200000e-01   2.1684489e+02
   8.0210000e-01   2.1684626e+02
   8.0220000e-01   2.1684775e+02
   8.0230000e-01   2.1684932e+02
   8.0240000e-01   2.1685091e+02
   8.0250000e-01   2.1685250e+02
   8.0260000e-01   2.1685410e+02
   8.0270000e-01   2.1685570e+02
   8.0280000e-01   2.1685729e+02
   8.0290000e-01   2.1685888e+02
   8.0300000e-01   2.1686046e+02
   8.0310000e-01   2.1686206e+02
   8.0320000e-01   2.1685584e+02
   8.0330000e-01   2.1685021e+02
   8.0340000e-01   2.1684732e+02
   8.0350000e-01   2.1684575e+02
   8.0360000e-01   2.1684485e+02
   8.0370000e-01   2.1684443e+02
   8.0380000e-01   2.1684408e+02
   8.0390000e-01   2.1684386e+02
   8.0400000e-01   2.1684371e+02
   8.0410000e-01   2.1684363e+02
   8.0420000e-01   2.1684357e+02
   8.0430000e-01   2.1684354e+02
   8.0440000e-01   2.1684350e+02
   8.0450000e-01   2.1684422e+02
   8.0460000e-01   2.1684561e+02
   8.0470000e-01   2.1684810e+02
   8.0480000e-01   2.1685082e+02
   8.0490000e-01   2.1685361e+02
   8.0500000e-01   2.1685639e+02
   8.0510000e-01   2.1685912e+02
   8.0520000e-01   2.1686174e+02
   8.0530000e-01   2.1686425e+02
   8.0540000e-01   2.1686662e+02
   8.0550000e-01   2.1686886e+02
   8.0560000e-01   2.1687095e+02
   8.0570000e-01   2.1687288e+02
   8.0580000e-01   2.1687467e+02
   8.0590000e-01   2.1687630e+02
   8.0600000e-01   2.1687777e+02
   8.0610000e-01   2.1687908e+02
   8.0620000e-01   2.1688022e+02
   8.0630000e-01   2.1688119e+02
   8.0640000e-01   2.1688200e+02
   8.0650000e-01   2.1688292e+02
   8.0660000e-01   2.1688250e+02
   8.0670000e-01   2.1688164e+02
   8.0680000e-01   2.1688121e+02
   8.0690000e-01   2.1688116e+02
   8.0700000e-01   2.1688133e+02
   8.0710000e-01   2.1688171e+02
   8.0720000e-01   2.1688214e+02
   8.0730000e-01   2.1688255e+02
   8.0740000e-01   2.1688292e+02
   8.0750000e-01   2.1688322e+02
   8.0760000e-01   2.1688347e+02
   8.0770000e-01   2.1688366e+02
   8.0780000e-01   2.1688377e+02
   8.0790000e-01   2.1688385e+02
   8.0800000e-01   2.1688376e+02
   8.0810000e-01   2.1688361e+02
   8.0820000e-01   2.1688342e+02
   8.0830000e-01   2.1688319e+02
   8.0840000e-01   2.1688294e+02
   8.0850000e-01   2.1688266e+02
   8.0860000e-01   2.1688237e+02
   8.0870000e-01   2.1688205e+02
   8.0880000e-01   2.1688173e+02
   8.0890000e-01   2.1688138e+02
   8.0900000e-01   2.1688102e+02
   8.0910000e-01   2.1688066e+02
   8.0920000e-01   2.1688028e+02
   8.0930000e-01   2.1687989e+02
   8.0940000e-01   2.1687949e+02
   8.0950000e-01   2.1687908e+02
   8.0960000e-01   2.1687867e+02
   8.0970000e-01   2.1687825e+02
   8.0980000e-01   2.1687782e+02
   8.0990000e-01   2.1687787e+02
   8.1000000e-01   2.1687803e+02
   8.1010000e-01   2.1688435e+02
   8.1020000e-01   2.1689113e+02
   8.1030000e-01   2.1689230e+02
   8.1040000e-01   2.1689139e+02
   8.1050000e-01   2.1689000e+02
   8.1060000e-01   2.1688869e+02
   8.1070000e-01   2.1688768e+02
   8.1080000e-01   2.1688690e+02
   8.1090000e-01   2.1688633e+02
   8.1100000e-01   2.1688591e+02
   8.1110000e-01   2.1688562e+02
   8.1120000e-01   2.1688629e+02
   8.1130000e-01   2.1688795e+02
   8.1140000e-01   2.1688959e+02
   8.1150000e-01   2.1689117e+02
   8.1160000e-01   2.1689271e+02
   8.1170000e-01   2.1689420e+02
   8.1180000e-01   2.1689563e+02
   8.1190000e-01   2.1689700e+02
   8.1200000e-01   2.1689831e+02
   8.1210000e-01   2.1689956e+02
   8.1220000e-01   2.1690075e+02
   8.1230000e-01   2.1690187e+02
   8.1240000e-01   2.1690295e+02
   8.1250000e-01   2.1690398e+02
   8.1260000e-01   2.1690497e+02
   8.1270000e-01   2.1690593e+02
   8.1280000e-01   2.1690687e+02
   8.1290000e-01   2.1690782e+02
   8.1300000e-01   2.1690878e+02
   8.1310000e-01   2.1690975e+02
   8.1320000e-01   2.1690182e+02
   8.1330000e-01   2.1689716e+02
   8.1340000e-01   2.1689467e+02
   8.1350000e-01   2.1689329e+02
   8.1360000e-01   2.1689249e+02
   8.1370000e-01   2.1689199e+02
   8.1380000e-01   2.1689170e+02
   8.1390000e-01   2.1689152e+02
   8.1400000e-01   2.1689141e+02
   8.1410000e-01   2.1689136e+02
   8.1420000e-01   2.1689133e+02
   8.1430000e-01   2.1689132e+02
   8.1440000e-01   2.1689133e+02
   8.1450000e-01   2.1689181e+02
   8.1460000e-01   2.1689282e+02
   8.1470000e-01   2.1689543e+02
   8.1480000e-01   2.1689816e+02
   8.1490000e-01   2.1690094e+02
   8.1500000e-01   2.1690372e+02
   8.1510000e-01   2.1690644e+02
   8.1520000e-01   2.1690906e+02
   8.1530000e-01   2.1691157e+02
   8.1540000e-01   2.1691395e+02
   8.1550000e-01   2.1691618e+02
   8.1560000e-01   2.1691828e+02
   8.1570000e-01   2.1692022e+02
   8.1580000e-01   2.1692201e+02
   8.1590000e-01   2.1692364e+02
   8.1600000e-01   2.1692512e+02
   8.1610000e-01   2.1692643e+02
   8.1620000e-01   2.1692757e+02
   8.1630000e-01   2.1692855e+02
   8.1640000e-01   2.1692936e+02
   8.1650000e-01   2.1692999e+02
   8.1660000e-01   2.1692950e+02
   8.1670000e-01   2.1692856e+02
   8.1680000e-01   2.1692818e+02
   8.1690000e-01   2.1692814e+02
   8.1700000e-01   2.1692829e+02
   8.1710000e-01   2.1692864e+02
   8.1720000e-01   2.1692903e+02
   8.1730000e-01   2.1692940e+02
   8.1740000e-01   2.1692973e+02
   8.1750000e-01   2.1693001e+02
   8.1760000e-01   2.1693023e+02
   8.1770000e-01   2.1693040e+02
   8.1780000e-01   2.1693053e+02
   8.1790000e-01   2.1693063e+02
   8.1800000e-01   2.1693070e+02
   8.1810000e-01   2.1693074e+02
   8.1820000e-01   2.1693078e+02
   8.1830000e-01   2.1693080e+02
   8.1840000e-01   2.1693081e+02
   8.1850000e-01   2.1693081e+02
   8.1860000e-01   2.1693081e+02
   8.1870000e-01   2.1693080e+02
   8.1880000e-01   2.1693079e+02
   8.1890000e-01   2.1693078e+02
   8.1900000e-01   2.1693077e+02
   8.1910000e-01   2.1693075e+02
   8.1920000e-01   2.1693074e+02
   8.1930000e-01   2.1693072e+02
   8.1940000e-01   2.1693070e+02
   8.1950000e-01   2.1693069e+02
   8.1960000e-01   2.1693067e+02
   8.1970000e-01   2.1693066e+02
   8.1980000e-01   2.1693064e+02
   8.1990000e-01   2.1693063e+02
   8.2000000e-01   2.1693061e+02
   8.2010000e-01   2.1702173e+02
   8.2020000e-01   2.1696614e+02
   8.2030000e-01   2.1694133e+02
   8.2040000e-01   2.1692933e+02
   8.2050000e-01   2.1692520e+02
   8.2060000e-01   2.1692417e+02
   8.2070000e-01   2.1692425e+02
   8.2080000e-01   2.1692469e+02
   8.2090000e-01   2.1692517e+02
   8.2100000e-01   2.1692558e+02
   8.2110000e-01   2.1692590e+02
   8.2120000e-01   2.1692722e+02
   8.2130000e-01   2.1692967e+02
   8.2140000e-01   2.1693209e+02
   8.2150000e-01   2.1693446e+02
   8.2160000e-01   2.1693677e+02
   8.2170000e-01   2.1693900e+02
   8.2180000e-01   2.1694114e+02
   8.2190000e-01   2.1694318e+02
   8.2200000e-01   2.1694511e+02
   8.2210000e-01   2.1694691e+02
   8.2220000e-01   2.1694859e+02
   8.2230000e-01   2.1695017e+02
   8.2240000e-01   2.1695170e+02
   8.2250000e-01   2.1695322e+02
   8.2260000e-01   2.1695471e+02
   8.2270000e-01   2.1695618e+02
   8.2280000e-01   2.1695764e+02
   8.2290000e-01   2.1695909e+02
   8.2300000e-01   2.1696053e+02
   8.2310000e-01   2.1696013e+02
   8.2320000e-01   2.1694710e+02
   8.2330000e-01   2.1694175e+02
   8.2340000e-01   2.1693883e+02
   8.2350000e-01   2.1693717e+02
   8.2360000e-01   2.1693619e+02
   8.2370000e-01   2.1693559e+02
   8.2380000e-01   2.1693520e+02
   8.2390000e-01   2.1693496e+02
   8.2400000e-01   2.1693481e+02
   8.2410000e-01   2.1693471e+02
   8.2420000e-01   2.1693464e+02
   8.2430000e-01   2.1693460e+02
   8.2440000e-01   2.1693461e+02
   8.2450000e-01   2.1693498e+02
   8.2460000e-01   2.1693399e+02
   8.2470000e-01   2.1693321e+02
   8.2480000e-01   2.1693245e+02
   8.2490000e-01   2.1693170e+02
   8.2500000e-01   2.1693098e+02
   8.2510000e-01   2.1693027e+02
   8.2520000e-01   2.1692960e+02
   8.2530000e-01   2.1692896e+02
   8.2540000e-01   2.1692835e+02
   8.2550000e-01   2.1692778e+02
   8.2560000e-01   2.1692725e+02
   8.2570000e-01   2.1692676e+02
   8.2580000e-01   2.1692631e+02
   8.2590000e-01   2.1692590e+02
   8.2600000e-01   2.1692554e+02
   8.2610000e-01   2.1692521e+02
   8.2620000e-01   2.1692493e+02
   8.2630000e-01   2.1692469e+02
   8.2640000e-01   2.1692449e+02
   8.2650000e-01   2.1692434e+02
   8.2660000e-01   2.1692417e+02
   8.2670000e-01   2.1692445e+02
   8.2680000e-01   2.1692453e+02
   8.2690000e-01   2.1692453e+02
   8.2700000e-01   2.1692446e+02
   8.2710000e-01   2.1692433e+02
   8.2720000e-01   2.1692420e+02
   8.2730000e-01   2.1692407e+02
   8.2740000e-01   2.1692396e+02
   8.2750000e-01   2.1692386e+02
   8.2760000e-01   2.1692379e+02
   8.2770000e-01   2.1692374e+02
   8.2780000e-01   2.1692365e+02
   8.2790000e-01   2.1692362e+02
   8.2800000e-01   2.1692350e+02
   8.2810000e-01   2.1692336e+02
   8.2820000e-01   2.1692319e+02
   8.2830000e-01   2.1692300e+02
   8.2840000e-01   2.1692279e+02
   8.2850000e-01   2.1692257e+02
   8.2860000e-01   2.1692234e+02
   8.2870000e-01   2.1692209e+02
   8.2880000e-01   2.1692183e+02
   8.2890000e-01   2.1692156e+02
   8.2900000e-01   2.1692128e+02
   8.2910000e-01   2.1692099e+02
   8.2920000e-01   2.1692069e+02
   8.2930000e-01   2.1691984e+02
   8.2940000e-01   2.1691988e+02
   8.2950000e-01   2.1691972e+02
   8.2960000e-01   2.1691947e+02
   8.2970000e-01   2.1691918e+02
   8.2980000e-01   2.1691893e+02
   8.2990000e-01   2.1691906e+02
   8.3000000e-01   2.1691996e+02
   8.3010000e-01   2.1690770e+02
   8.3020000e-01   2.1689142e+02
   8.3030000e-01   2.1689221e+02
   8.3040000e-01   2.1689848e+02
   8.3050000e-01   2.1690508e+02
   8.3060000e-01   2.1691075e+02
   8.3070000e-01   2.1691509e+02
   8.3080000e-01   2.1691832e+02
   8.3090000e-01   2.1692066e+02
   8.3100000e-01   2.1692233e+02
   8.3110000e-01   2.1692350e+02
   8.3120000e-01   2.1692464e+02
   8.3130000e-01   2.1692619e+02
   8.3140000e-01   2.1692774e+02
   8.3150000e-01   2.1692933e+02
   8.3160000e-01   2.1693095e+02
   8.3170000e-01   2.1693260e+02
   8.3180000e-01   2.1693428e+02
   8.3190000e-01   2.1693601e+02
   8.3200000e-01   2.1693778e+02
   8.3210000e-01   2.1693959e+02
   8.3220000e-01   2.1694144e+02
   8.3230000e-01   2.1694333e+02
   8.3240000e-01   2.1694526e+02
   8.3250000e-01   2.1694720e+02
   8.3260000e-01   2.1694917e+02
   8.3270000e-01   2.1695114e+02
   8.3280000e-01   2.1695310e+02
   8.3290000e-01   2.1695504e+02
   8.3300000e-01   2.1695694e+02
   8.3310000e-01   2.1695283e+02
   8.3320000e-01   2.1694326e+02
   8.3330000e-01   2.1693851e+02
   8.3340000e-01   2.1693591e+02
   8.3350000e-01   2.1693438e+02
   8.3360000e-01   2.1693343e+02
   8.3370000e-01   2.1693282e+02
   8.3380000e-01   2.1693241e+02
   8.3390000e-01   2.1693213e+02
   8.3400000e-01   2.1693192e+02
   8.3410000e-01   2.1693177e+02
   8.3420000e-01   2.1693166e+02
   8.3430000e-01   2.1693157e+02
   8.3440000e-01   2.1693149e+02
   8.3450000e-01   2.1693096e+02
   8.3460000e-01   2.1692978e+02
   8.3470000e-01   2.1692699e+02
   8.3480000e-01   2.1692399e+02
   8.3490000e-01   2.1692090e+02
   8.3500000e-01   2.1691782e+02
   8.3510000e-01   2.1691481e+02
   8.3520000e-01   2.1691190e+02
   8.3530000e-01   2.1690911e+02
   8.3540000e-01   2.1690648e+02
   8.3550000e-01   2.1690399e+02
   8.3560000e-01   2.1690167e+02
   8.3570000e-01   2.1689952e+02
   8.3580000e-01   2.1689754e+02
   8.3590000e-01   2.1689573e+02
   8.3600000e-01   2.1689410e+02
   8.3610000e-01   2.1689265e+02
   8.3620000e-01   2.1689138e+02
   8.3630000e-01   2.1689030e+02
   8.3640000e-01   2.1688937e+02
   8.3650000e-01   2.1688915e+02
   8.3660000e-01   2.1688969e+02
   8.3670000e-01   2.1689063e+02
   8.3680000e-01   2.1689103e+02
   8.3690000e-01   2.1689108e+02
   8.3700000e-01   2.1689092e+02
   8.3710000e-01   2.1689055e+02
   8.3720000e-01   2.1689014e+02
   8.3730000e-01   2.1688974e+02
   8.3740000e-01   2.1688940e+02
   8.3750000e-01   2.1688911e+02
   8.3760000e-01   2.1688888e+02
   8.3770000e-01   2.1688870e+02
   8.3780000e-01   2.1688856e+02
   8.3790000e-01   2.1688853e+02
   8.3800000e-01   2.1688906e+02
   8.3810000e-01   2.1689047e+02
   8.3820000e-01   2.1689300e+02
   8.3830000e-01   2.1689676e+02
   8.3840000e-01   2.1690175e+02
   8.3850000e-01   2.1690784e+02
   8.3860000e-01   2.1691487e+02
   8.3870000e-01   2.1692259e+02
   8.3880000e-01   2.1693067e+02
   8.3890000e-01   2.1693876e+02
   8.3900000e-01   2.1694643e+02
   8.3910000e-01   2.1695321e+02
   8.3920000e-01   2.1695860e+02
   8.3930000e-01   2.1696208e+02
   8.3940000e-01   2.1696310e+02
   8.3950000e-01   2.1696106e+02
   8.3960000e-01   2.1695538e+02
   8.3970000e-01   2.1694544e+02
   8.3980000e-01   2.1693195e+02
   8.3990000e-01   2.1691719e+02
   8.4000000e-01   2.1690507e+02
   8.4010000e-01   2.1678145e+02
   8.4020000e-01   2.1684495e+02
   8.4030000e-01   2.1686994e+02
   8.4040000e-01   2.1687907e+02
   8.4050000e-01   2.1688182e+02
   8.4060000e-01   2.1688212e+02
   8.4070000e-01   2.1688159e+02
   8.4080000e-01   2.1688091e+02
   8.4090000e-01   2.1688029e+02
   8.4100000e-01   2.1687979e+02
   8.4110000e-01   2.1687942e+02
   8.4120000e-01   2.1687987e+02
   8.4130000e-01   2.1688184e+02
   8.4140000e-01   2.1688382e+02
   8.4150000e-01   2.1688581e+02
   8.4160000e-01   2.1688782e+02
   8.4170000e-01   2.1688987e+02
   8.4180000e-01   2.1689195e+02
   8.4190000e-01   2.1689407e+02
   8.4200000e-01   2.1689623e+02
   8.4210000e-01   2.1689843e+02
   8.4220000e-01   2.1690066e+02
   8.4230000e-01   2.1690287e+02
   8.4240000e-01   2.1690508e+02
   8.4250000e-01   2.1690730e+02
   8.4260000e-01   2.1690953e+02
   8.4270000e-01   2.1691175e+02
   8.4280000e-01   2.1691397e+02
   8.4290000e-01   2.1691618e+02
   8.4300000e-01   2.1691835e+02
   8.4310000e-01   2.1691715e+02
   8.4320000e-01   2.1690313e+02
   8.4330000e-01   2.1689618e+02
   8.4340000e-01   2.1689245e+02
   8.4350000e-01   2.1689029e+02
   8.4360000e-01   2.1688897e+02
   8.4370000e-01   2.1688803e+02
   8.4380000e-01   2.1688751e+02
   8.4390000e-01   2.1688718e+02
   8.4400000e-01   2.1688696e+02
   8.4410000e-01   2.1688680e+02
   8.4420000e-01   2.1688669e+02
   8.4430000e-01   2.1688661e+02
   8.4440000e-01   2.1688655e+02
   8.4450000e-01   2.1688619e+02
   8.4460000e-01   2.1688605e+02
   8.4470000e-01   2.1688579e+02
   8.4480000e-01   2.1688548e+02
   8.4490000e-01   2.1688515e+02
   8.4500000e-01   2.1688482e+02
   8.4510000e-01   2.1688449e+02
   8.4520000e-01   2.1688418e+02
   8.4530000e-01   2.1688388e+02
   8.4540000e-01   2.1688359e+02
   8.4550000e-01   2.1688333e+02
   8.4560000e-01   2.1688308e+02
   8.4570000e-01   2.1688285e+02
   8.4580000e-01   2.1688263e+02
   8.4590000e-01   2.1688244e+02
   8.4600000e-01   2.1688226e+02
   8.4610000e-01   2.1688211e+02
   8.4620000e-01   2.1688197e+02
   8.4630000e-01   2.1688186e+02
   8.4640000e-01   2.1688176e+02
   8.4650000e-01   2.1688169e+02
   8.4660000e-01   2.1688168e+02
   8.4670000e-01   2.1688172e+02
   8.4680000e-01   2.1688179e+02
   8.4690000e-01   2.1688178e+02
   8.4700000e-01   2.1688174e+02
   8.4710000e-01   2.1688168e+02
   8.4720000e-01   2.1688162e+02
   8.4730000e-01   2.1688155e+02
   8.4740000e-01   2.1688149e+02
   8.4750000e-01   2.1688144e+02
   8.4760000e-01   2.1688140e+02
   8.4770000e-01   2.1688137e+02
   8.4780000e-01   2.1688130e+02
   8.4790000e-01   2.1688127e+02
   8.4800000e-01   2.1688115e+02
   8.4810000e-01   2.1688100e+02
   8.4820000e-01   2.1688082e+02
   8.4830000e-01   2.1688061e+02
   8.4840000e-01   2.1688039e+02
   8.4850000e-01   2.1688014e+02
   8.4860000e-01   2.1687988e+02
   8.4870000e-01   2.1687959e+02
   8.4880000e-01   2.1687929e+02
   8.4890000e-01   2.1687896e+02
   8.4900000e-01   2.1687860e+02
   8.4910000e-01   2.1687822e+02
   8.4920000e-01   2.1687780e+02
   8.4930000e-01   2.1687790e+02
   8.4940000e-01   2.1687708e+02
   8.4950000e-01   2.1687641e+02
   8.4960000e-01   2.1687580e+02
   8.4970000e-01   2.1687520e+02
   8.4980000e-01   2.1687451e+02
   8.4990000e-01   2.1687470e+02
   8.5000000e-01   2.1687549e+02
   8.5010000e-01   2.1679871e+02
   8.5020000e-01   2.1686475e+02
   8.5030000e-01   2.1688843e+02
   8.5040000e-01   2.1689506e+02
   8.5050000e-01   2.1689567e+02
   8.5060000e-01   2.1689422e+02
   8.5070000e-01   2.1689240e+02
   8.5080000e-01   2.1689077e+02
   8.5090000e-01   2.1688947e+02
   8.5100000e-01   2.1688850e+02
   8.5110000e-01   2.1688778e+02
   8.5120000e-01   2.1688740e+02
   8.5130000e-01   2.1688732e+02
   8.5140000e-01   2.1688723e+02
   8.5150000e-01   2.1688715e+02
   8.5160000e-01   2.1688707e+02
   8.5170000e-01   2.1688702e+02
   8.5180000e-01   2.1688699e+02
   8.5190000e-01   2.1688700e+02
   8.5200000e-01   2.1688705e+02
   8.5210000e-01   2.1688715e+02
   8.5220000e-01   2.1688731e+02
   8.5230000e-01   2.1688753e+02
   8.5240000e-01   2.1688783e+02
   8.5250000e-01   2.1688819e+02
   8.5260000e-01   2.1688863e+02
   8.5270000e-01   2.1688914e+02
   8.5280000e-01   2.1688971e+02
   8.5290000e-01   2.1689034e+02
   8.5300000e-01   2.1689103e+02
   8.5310000e-01   2.1689385e+02
   8.5320000e-01   2.1689065e+02
   8.5330000e-01   2.1688912e+02
   8.5340000e-01   2.1688836e+02
   8.5350000e-01   2.1688796e+02
   8.5360000e-01   2.1688774e+02
   8.5370000e-01   2.1688762e+02
   8.5380000e-01   2.1688756e+02
   8.5390000e-01   2.1688752e+02
   8.5400000e-01   2.1688751e+02
   8.5410000e-01   2.1688751e+02
   8.5420000e-01   2.1688751e+02
   8.5430000e-01   2.1688752e+02
   8.5440000e-01   2.1688754e+02
   8.5450000e-01   2.1688779e+02
   8.5460000e-01   2.1688814e+02
   8.5470000e-01   2.1689004e+02
   8.5480000e-01   2.1689209e+02
   8.5490000e-01   2.1689418e+02
   8.5500000e-01   2.1689628e+02
   8.5510000e-01   2.1689833e+02
   8.5520000e-01   2.1690032e+02
   8.5530000e-01   2.1690222e+02
   8.5540000e-01   2.1690403e+02
   8.5550000e-01   2.1690573e+02
   8.5560000e-01   2.1690732e+02
   8.5570000e-01   2.1690881e+02
   8.5580000e-01   2.1691017e+02
   8.5590000e-01   2.1691142e+02
   8.5600000e-01   2.1691255e+02
   8.5610000e-01   2.1691355e+02
   8.5620000e-01   2.1691443e+02
   8.5630000e-01   2.1691518e+02
   8.5640000e-01   2.1691584e+02
   8.5650000e-01   2.1691585e+02
   8.5660000e-01   2.1691497e+02
   8.5670000e-01   2.1691451e+02
   8.5680000e-01   2.1691425e+02
   8.5690000e-01   2.1691422e+02
   8.5700000e-01   2.1691428e+02
   8.5710000e-01   2.1691450e+02
   8.5720000e-01   2.1691474e+02
   8.5730000e-01   2.1691498e+02
   8.5740000e-01   2.1691518e+02
   8.5750000e-01   2.1691536e+02
   8.5760000e-01   2.1691549e+02
   8.5770000e-01   2.1691560e+02
   8.5780000e-01   2.1691568e+02
   8.5790000e-01   2.1691582e+02
   8.5800000e-01   2.1691538e+02
   8.5810000e-01   2.1691499e+02
   8.5820000e-01   2.1691445e+02
   8.5830000e-01   2.1691380e+02
   8.5840000e-01   2.1691306e+02
   8.5850000e-01   2.1691225e+02
   8.5860000e-01   2.1691138e+02
   8.5870000e-01   2.1691047e+02
   8.5880000e-01   2.1690952e+02
   8.5890000e-01   2.1690853e+02
   8.5900000e-01   2.1690751e+02
   8.5910000e-01   2.1690647e+02
   8.5920000e-01   2.1690541e+02
   8.5930000e-01   2.1690434e+02
   8.5940000e-01   2.1690325e+02
   8.5950000e-01   2.1690215e+02
   8.5960000e-01   2.1690105e+02
   8.5970000e-01   2.1690005e+02
   8.5980000e-01   2.1690040e+02
   8.5990000e-01   2.1690411e+02
   8.6000000e-01   2.1690773e+02
   8.6010000e-01   2.1712053e+02
   8.6020000e-01   2.1698746e+02
   8.6030000e-01   2.1693487e+02
   8.6040000e-01   2.1691792e+02
   8.6050000e-01   2.1691172e+02
   8.6060000e-01   2.1690984e+02
   8.6070000e-01   2.1690963e+02
   8.6080000e-01   2.1691001e+02
   8.6090000e-01   2.1691046e+02
   8.6100000e-01   2.1691085e+02
   8.6110000e-01   2.1691115e+02
   8.6120000e-01   2.1691149e+02
   8.6130000e-01   2.1691222e+02
   8.6140000e-01   2.1691294e+02
   8.6150000e-01   2.1691365e+02
   8.6160000e-01   2.1691433e+02
   8.6170000e-01   2.1691501e+02
   8.6180000e-01   2.1691567e+02
   8.6190000e-01   2.1691628e+02
   8.6200000e-01   2.1691683e+02
   8.6210000e-01   2.1691733e+02
   8.6220000e-01   2.1691778e+02
   8.6230000e-01   2.1691822e+02
   8.6240000e-01   2.1691865e+02
   8.6250000e-01   2.1691904e+02
   8.6260000e-01   2.1691942e+02
   8.6270000e-01   2.1691977e+02
   8.6280000e-01   2.1692012e+02
   8.6290000e-01   2.1692046e+02
   8.6300000e-01   2.1692081e+02
   8.6310000e-01   2.1691565e+02
   8.6320000e-01   2.1691482e+02
   8.6330000e-01   2.1691426e+02
   8.6340000e-01   2.1691391e+02
   8.6350000e-01   2.1691367e+02
   8.6360000e-01   2.1691353e+02
   8.6370000e-01   2.1691354e+02
   8.6380000e-01   2.1691344e+02
   8.6390000e-01   2.1691336e+02
   8.6400000e-01   2.1691330e+02
   8.6410000e-01   2.1691326e+02
   8.6420000e-01   2.1691322e+02
   8.6430000e-01   2.1691320e+02
   8.6440000e-01   2.1691318e+02
   8.6450000e-01   2.1691245e+02
   8.6460000e-01   2.1691235e+02
   8.6470000e-01   2.1691195e+02
   8.6480000e-01   2.1691142e+02
   8.6490000e-01   2.1691083e+02
   8.6500000e-01   2.1691024e+02
   8.6510000e-01   2.1690965e+02
   8.6520000e-01   2.1690909e+02
   8.6530000e-01   2.1690856e+02
   8.6540000e-01   2.1690805e+02
   8.6550000e-01   2.1690758e+02
   8.6560000e-01   2.1690714e+02
   8.6570000e-01   2.1690673e+02
   8.6580000e-01   2.1690636e+02
   8.6590000e-01   2.1690602e+02
   8.6600000e-01   2.1690572e+02
   8.6610000e-01   2.1690545e+02
   8.6620000e-01   2.1690522e+02
   8.6630000e-01   2.1690502e+02
   8.6640000e-01   2.1690486e+02
   8.6650000e-01   2.1690474e+02
   8.6660000e-01   2.1690467e+02
   8.6670000e-01   2.1690487e+02
   8.6680000e-01   2.1690497e+02
   8.6690000e-01   2.1690499e+02
   8.6700000e-01   2.1690494e+02
   8.6710000e-01   2.1690486e+02
   8.6720000e-01   2.1690477e+02
   8.6730000e-01   2.1690469e+02
   8.6740000e-01   2.1690462e+02
   8.6750000e-01   2.1690456e+02
   8.6760000e-01   2.1690452e+02
   8.6770000e-01   2.1690448e+02
   8.6780000e-01   2.1690446e+02
   8.6790000e-01   2.1690445e+02
   8.6800000e-01   2.1690444e+02
   8.6810000e-01   2.1690445e+02
   8.6820000e-01   2.1690445e+02
   8.6830000e-01   2.1690446e+02
   8.6840000e-01   2.1690448e+02
   8.6850000e-01   2.1690450e+02
   8.6860000e-01   2.1690453e+02
   8.6870000e-01   2.1690457e+02
   8.6880000e-01   2.1690462e+02
   8.6890000e-01   2.1690468e+02
   8.6900000e-01   2.1690475e+02
   8.6910000e-01   2.1690485e+02
   8.6920000e-01   2.1690496e+02
   8.6930000e-01   2.1690509e+02
   8.6940000e-01   2.1690524e+02
   8.6950000e-01   2.1690542e+02
   8.6960000e-01   2.1690562e+02
   8.6970000e-01   2.1690584e+02
   8.6980000e-01   2.1690609e+02
   8.6990000e-01   2.1690621e+02
   8.7000000e-01   2.1690621e+02
   8.7010000e-01   2.1688033e+02
   8.7020000e-01   2.1688159e+02
   8.7030000e-01   2.1688573e+02
   8.7040000e-01   2.1689001e+02
   8.7050000e-01   2.1689357e+02
   8.7060000e-01   2.1689630e+02
   8.7070000e-01   2.1689833e+02
   8.7080000e-01   2.1689980e+02
   8.7090000e-01   2.1690084e+02
   8.7100000e-01   2.1690158e+02
   8.7110000e-01   2.1690209e+02
   8.7120000e-01   2.1690302e+02
   8.7130000e-01   2.1690578e+02
   8.7140000e-01   2.1690852e+02
   8.7150000e-01   2.1691121e+02
   8.7160000e-01   2.1691386e+02
   8.7170000e-01   2.1691643e+02
   8.7180000e-01   2.1691889e+02
   8.7190000e-01   2.1692126e+02
   8.7200000e-01   2.1692351e+02
   8.7210000e-01   2.1692564e+02
   8.7220000e-01   2.1692764e+02
   8.7230000e-01   2.1692950e+02
   8.7240000e-01   2.1693124e+02
   8.7250000e-01   2.1693285e+02
   8.7260000e-01   2.1693434e+02
   8.7270000e-01   2.1693573e+02
   8.7280000e-01   2.1693704e+02
   8.7290000e-01   2.1693829e+02
   8.7300000e-01   2.1693951e+02
   8.7310000e-01   2.1693292e+02
   8.7320000e-01   2.1692316e+02
   8.7330000e-01   2.1691823e+02
   8.7340000e-01   2.1691551e+02
   8.7350000e-01   2.1691390e+02
   8.7360000e-01   2.1691291e+02
   8.7370000e-01   2.1691227e+02
   8.7380000e-01   2.1691186e+02
   8.7390000e-01   2.1691158e+02
   8.7400000e-01   2.1691139e+02
   8.7410000e-01   2.1691126e+02
   8.7420000e-01   2.1691117e+02
   8.7430000e-01   2.1691110e+02
   8.7440000e-01   2.1691105e+02
   8.7450000e-01   2.1691069e+02
   8.7460000e-01   2.1691044e+02
   8.7470000e-01   2.1691001e+02
   8.7480000e-01   2.1690948e+02
   8.7490000e-01   2.1690891e+02
   8.7500000e-01   2.1690834e+02
   8.7510000e-01   2.1690778e+02
   8.7520000e-01   2.1690724e+02
   8.7530000e-01   2.1690672e+02
   8.7540000e-01   2.1690623e+02
   8.7550000e-01   2.1690577e+02
   8.7560000e-01   2.1690535e+02
   8.7570000e-01   2.1690495e+02
   8.7580000e-01   2.1690459e+02
   8.7590000e-01   2.1690426e+02
   8.7600000e-01   2.1690396e+02
   8.7610000e-01   2.1690370e+02
   8.7620000e-01   2.1690347e+02
   8.7630000e-01   2.1690328e+02
   8.7640000e-01   2.1690312e+02
   8.7650000e-01   2.1690300e+02
   8.7660000e-01   2.1690315e+02
   8.7670000e-01   2.1690321e+02
   8.7680000e-01   2.1690328e+02
   8.7690000e-01   2.1690327e+02
   8.7700000e-01   2.1690322e+02
   8.7710000e-01   2.1690313e+02
   8.7720000e-01   2.1690304e+02
   8.7730000e-01   2.1690295e+02
   8.7740000e-01   2.1690288e+02
   8.7750000e-01   2.1690281e+02
   8.7760000e-01   2.1690276e+02
   8.7770000e-01   2.1690272e+02
   8.7780000e-01   2.1690270e+02
   8.7790000e-01   2.1690268e+02
   8.7800000e-01   2.1690339e+02
   8.7810000e-01   2.1690416e+02
   8.7820000e-01   2.1690518e+02
   8.7830000e-01   2.1690639e+02
   8.7840000e-01   2.1690775e+02
   8.7850000e-01   2.1690926e+02
   8.7860000e-01   2.1691090e+02
   8.7870000e-01   2.1691266e+02
   8.7880000e-01   2.1691454e+02
   8.7890000e-01   2.1691655e+02
   8.7900000e-01   2.1691868e+02
   8.7910000e-01   2.1692093e+02
   8.7920000e-01   2.1692331e+02
   8.7930000e-01   2.1692581e+02
   8.7940000e-01   2.1692843e+02
   8.7950000e-01   2.1693117e+02
   8.7960000e-01   2.1693400e+02
   8.7970000e-01   2.1693682e+02
   8.7980000e-01   2.1693700e+02
   8.7990000e-01   2.1693151e+02
   8.8000000e-01   2.1692328e+02
   8.8010000e-01   2.1725918e+02
   8.8020000e-01   2.1709344e+02
   8.8030000e-01   2.1700950e+02
   8.8040000e-01   2.1696521e+02
   8.8050000e-01   2.1694418e+02
   8.8060000e-01   2.1693388e+02
   8.8070000e-01   2.1692857e+02
   8.8080000e-01   2.1692565e+02
   8.8090000e-01   2.1692400e+02
   8.8100000e-01   2.1692301e+02
   8.8110000e-01   2.1692239e+02
   8.8120000e-01   2.1692223e+02
   8.8130000e-01   2.1692352e+02
   8.8140000e-01   2.1692482e+02
   8.8150000e-01   2.1692608e+02
   8.8160000e-01   2.1692733e+02
   8.8170000e-01   2.1692854e+02
   8.8180000e-01   2.1692970e+02
   8.8190000e-01   2.1693083e+02
   8.8200000e-01   2.1693196e+02
   8.8210000e-01   2.1693308e+02
   8.8220000e-01   2.1693418e+02
   8.8230000e-01   2.1693528e+02
   8.8240000e-01   2.1693637e+02
   8.8250000e-01   2.1693745e+02
   8.8260000e-01   2.1693853e+02
   8.8270000e-01   2.1693960e+02
   8.8280000e-01   2.1694067e+02
   8.8290000e-01   2.1694172e+02
   8.8300000e-01   2.1694276e+02
   8.8310000e-01   2.1693658e+02
   8.8320000e-01   2.1693202e+02
   8.8330000e-01   2.1692950e+02
   8.8340000e-01   2.1692805e+02
   8.8350000e-01   2.1692717e+02
   8.8360000e-01   2.1692661e+02
   8.8370000e-01   2.1692613e+02
   8.8380000e-01   2.1692593e+02
   8.8390000e-01   2.1692580e+02
   8.8400000e-01   2.1692573e+02
   8.8410000e-01   2.1692569e+02
   8.8420000e-01   2.1692567e+02
   8.8430000e-01   2.1692566e+02
   8.8440000e-01   2.1692566e+02
   8.8450000e-01   2.1692558e+02
   8.8460000e-01   2.1692482e+02
   8.8470000e-01   2.1692323e+02
   8.8480000e-01   2.1692136e+02
   8.8490000e-01   2.1691937e+02
   8.8500000e-01   2.1691734e+02
   8.8510000e-01   2.1691535e+02
   8.8520000e-01   2.1691341e+02
   8.8530000e-01   2.1691155e+02
   8.8540000e-01   2.1690979e+02
   8.8550000e-01   2.1690813e+02
   8.8560000e-01   2.1690658e+02
   8.8570000e-01   2.1690513e+02
   8.8580000e-01   2.1690380e+02
   8.8590000e-01   2.1690259e+02
   8.8600000e-01   2.1690149e+02
   8.8610000e-01   2.1690052e+02
   8.8620000e-01   2.1689967e+02
   8.8630000e-01   2.1689894e+02
   8.8640000e-01   2.1689832e+02
   8.8650000e-01   2.1689851e+02
   8.8660000e-01   2.1689932e+02
   8.8670000e-01   2.1689985e+02
   8.8680000e-01   2.1690015e+02
   8.8690000e-01   2.1690019e+02
   8.8700000e-01   2.1690015e+02
   8.8710000e-01   2.1689995e+02
   8.8720000e-01   2.1689973e+02
   8.8730000e-01   2.1689951e+02
   8.8740000e-01   2.1689931e+02
   8.8750000e-01   2.1689914e+02
   8.8760000e-01   2.1689900e+02
   8.8770000e-01   2.1689889e+02
   8.8780000e-01   2.1689876e+02
   8.8790000e-01   2.1689867e+02
   8.8800000e-01   2.1689854e+02
   8.8810000e-01   2.1689838e+02
   8.8820000e-01   2.1689820e+02
   8.8830000e-01   2.1689800e+02
   8.8840000e-01   2.1689779e+02
   8.8850000e-01   2.1689756e+02
   8.8860000e-01   2.1689732e+02
   8.8870000e-01   2.1689706e+02
   8.8880000e-01   2.1689680e+02
   8.8890000e-01   2.1689652e+02
   8.8900000e-01   2.1689623e+02
   8.8910000e-01   2.1689593e+02
   8.8920000e-01   2.1689562e+02
   8.8930000e-01   2.1689531e+02
   8.8940000e-01   2.1689498e+02
   8.8950000e-01   2.1689465e+02
   8.8960000e-01   2.1689431e+02
   8.8970000e-01   2.1689397e+02
   8.8980000e-01   2.1689362e+02
   8.8990000e-01   2.1689305e+02
   8.9000000e-01   2.1689389e+02
   8.9010000e-01   2.1700761e+02
   8.9020000e-01   2.1695435e+02
   8.9030000e-01   2.1692902e+02
   8.9040000e-01   2.1691680e+02
   8.9050000e-01   2.1690937e+02
   8.9060000e-01   2.1690468e+02
   8.9070000e-01   2.1690170e+02
   8.9080000e-01   2.1689970e+02
   8.9090000e-01   2.1689836e+02
   8.9100000e-01   2.1689745e+02
   8.9110000e-01   2.1689682e+02
   8.9120000e-01   2.1689654e+02
   8.9130000e-01   2.1689764e+02
   8.9140000e-01   2.1689877e+02
   8.9150000e-01   2.1689990e+02
   8.9160000e-01   2.1690104e+02
   8.9170000e-01   2.1690220e+02
   8.9180000e-01   2.1690338e+02
   8.9190000e-01   2.1690459e+02
   8.9200000e-01   2.1690582e+02
   8.9210000e-01   2.1690708e+02
   8.9220000e-01   2.1690837e+02
   8.9230000e-01   2.1690968e+02
   8.9240000e-01   2.1691102e+02
   8.9250000e-01   2.1691237e+02
   8.9260000e-01   2.1691374e+02
   8.9270000e-01   2.1691512e+02
   8.9280000e-01   2.1691649e+02
   8.9290000e-01   2.1691785e+02
   8.9300000e-01   2.1691917e+02
   8.9310000e-01   2.1691132e+02
   8.9320000e-01   2.1690676e+02
   8.9330000e-01   2.1690404e+02
   8.9340000e-01   2.1690251e+02
   8.9350000e-01   2.1690161e+02
   8.9360000e-01   2.1690105e+02
   8.9370000e-01   2.1690081e+02
   8.9380000e-01   2.1690055e+02
   8.9390000e-01   2.1690036e+02
   8.9400000e-01   2.1690022e+02
   8.9410000e-01   2.1690012e+02
   8.9420000e-01   2.1690005e+02
   8.9430000e-01   2.1689999e+02
   8.9440000e-01   2.1689995e+02
   8.9450000e-01   2.1690001e+02
   8.9460000e-01   2.1689903e+02
   8.9470000e-01   2.1689659e+02
   8.9480000e-01   2.1689255e+02
   8.9490000e-01   2.1688703e+02
   8.9500000e-01   2.1688031e+02
   8.9510000e-01   2.1687276e+02
   8.9520000e-01   2.1686474e+02
   8.9530000e-01   2.1685662e+02
   8.9540000e-01   2.1684875e+02
   8.9550000e-01   2.1684141e+02
   8.9560000e-01   2.1683486e+02
   8.9570000e-01   2.1682929e+02
   8.9580000e-01   2.1682486e+02
   8.9590000e-01   2.1682163e+02
   8.9600000e-01   2.1681963e+02
   8.9610000e-01   2.1681883e+02
   8.9620000e-01   2.1681911e+02
   8.9630000e-01   2.1682032e+02
   8.9640000e-01   2.1682224e+02
   8.9650000e-01   2.1682458e+02
   8.9660000e-01   2.1682693e+02
   8.9670000e-01   2.1682824e+02
   8.9680000e-01   2.1682882e+02
   8.9690000e-01   2.1682890e+02
   8.9700000e-01   2.1682871e+02
   8.9710000e-01   2.1682838e+02
   8.9720000e-01   2.1682801e+02
   8.9730000e-01   2.1682766e+02
   8.9740000e-01   2.1682735e+02
   8.9750000e-01   2.1682708e+02
   8.9760000e-01   2.1682687e+02
   8.9770000e-01   2.1682669e+02
   8.9780000e-01   2.1682655e+02
   8.9790000e-01   2.1682660e+02
   8.9800000e-01   2.1682642e+02
   8.9810000e-01   2.1682633e+02
   8.9820000e-01   2.1682624e+02
   8.9830000e-01   2.1682616e+02
   8.9840000e-01   2.1682608e+02
   8.9850000e-01   2.1682600e+02
   8.9860000e-01   2.1682592e+02
   8.9870000e-01   2.1682585e+02
   8.9880000e-01   2.1682578e+02
   8.9890000e-01   2.1682572e+02
   8.9900000e-01   2.1682567e+02
   8.9910000e-01   2.1682563e+02
   8.9920000e-01   2.1682560e+02
   8.9930000e-01   2.1682559e+02
   8.9940000e-01   2.1682559e+02
   8.9950000e-01   2.1682562e+02
   8.9960000e-01   2.1682566e+02
   8.9970000e-01   2.1682572e+02
   8.9980000e-01   2.1682580e+02
   8.9990000e-01   2.1682584e+02
   9.0000000e-01   2.1682581e+02
   9.0010000e-01   2.1620355e+02
   9.0020000e-01   2.1652091e+02
   9.0030000e-01   2.1666964e+02
   9.0040000e-01   2.1673933e+02
   9.0050000e-01   2.1677240e+02
   9.0060000e-01   2.1678864e+02
   9.0070000e-01   2.1679699e+02
   9.0080000e-01   2.1680149e+02
   9.0090000e-01   2.1680404e+02
   9.0100000e-01   2.1680556e+02
   9.0110000e-01   2.1680650e+02
   9.0120000e-01   2.1680712e+02
   9.0130000e-01   2.1680770e+02
   9.0140000e-01   2.1680828e+02
   9.0150000e-01   2.1680888e+02
   9.0160000e-01   2.1680952e+02
   9.0170000e-01   2.1681021e+02
   9.0180000e-01   2.1681098e+02
   9.0190000e-01   2.1681182e+02
   9.0200000e-01   2.1681276e+02
   9.0210000e-01   2.1681378e+02
   9.0220000e-01   2.1681481e+02
   9.0230000e-01   2.1681585e+02
   9.0240000e-01   2.1681690e+02
   9.0250000e-01   2.1681795e+02
   9.0260000e-01   2.1681900e+02
   9.0270000e-01   2.1682005e+02
   9.0280000e-01   2.1682109e+02
   9.0290000e-01   2.1682213e+02
   9.0300000e-01   2.1682317e+02
   9.0310000e-01   2.1682044e+02
   9.0320000e-01   2.1681617e+02
   9.0330000e-01   2.1681402e+02
   9.0340000e-01   2.1681289e+02
   9.0350000e-01   2.1681227e+02
   9.0360000e-01   2.1681192e+02
   9.0370000e-01   2.1681183e+02
   9.0380000e-01   2.1681168e+02
   9.0390000e-01   2.1681157e+02
   9.0400000e-01   2.1681150e+02
   9.0410000e-01   2.1681145e+02
   9.0420000e-01   2.1681141e+02
   9.0430000e-01   2.1681139e+02
   9.0440000e-01   2.1681138e+02
   9.0450000e-01   2.1681137e+02
   9.0460000e-01   2.1681103e+02
   9.0470000e-01   2.1681099e+02
   9.0480000e-01   2.1681082e+02
   9.0490000e-01   2.1681059e+02
   9.0500000e-01   2.1681033e+02
   9.0510000e-01   2.1681007e+02
   9.0520000e-01   2.1680981e+02
   9.0530000e-01   2.1680956e+02
   9.0540000e-01   2.1680932e+02
   9.0550000e-01   2.1680910e+02
   9.0560000e-01   2.1680890e+02
   9.0570000e-01   2.1680871e+02
   9.0580000e-01   2.1680853e+02
   9.0590000e-01   2.1680837e+02
   9.0600000e-01   2.1680823e+02
   9.0610000e-01   2.1680811e+02
   9.0620000e-01   2.1680800e+02
   9.0630000e-01   2.1680791e+02
   9.0640000e-01   2.1680740e+02
   9.0650000e-01   2.1680775e+02
   9.0660000e-01   2.1680797e+02
   9.0670000e-01   2.1680808e+02
   9.0680000e-01   2.1680812e+02
   9.0690000e-01   2.1680812e+02
   9.0700000e-01   2.1680805e+02
   9.0710000e-01   2.1680802e+02
   9.0720000e-01   2.1680800e+02
   9.0730000e-01   2.1680798e+02
   9.0740000e-01   2.1680796e+02
   9.0750000e-01   2.1680795e+02
   9.0760000e-01   2.1680794e+02
   9.0770000e-01   2.1680793e+02
   9.0780000e-01   2.1680787e+02
   9.0790000e-01   2.1680724e+02
   9.0800000e-01   2.1680745e+02
   9.0810000e-01   2.1680737e+02
   9.0820000e-01   2.1680718e+02
   9.0830000e-01   2.1680688e+02
   9.0840000e-01   2.1680652e+02
   9.0850000e-01   2.1680611e+02
   9.0860000e-01   2.1680566e+02
   9.0870000e-01   2.1680518e+02
   9.0880000e-01   2.1680468e+02
   9.0890000e-01   2.1680416e+02
   9.0900000e-01   2.1680361e+02
   9.0910000e-01   2.1680305e+02
   9.0920000e-01   2.1680246e+02
   9.0930000e-01   2.1680187e+02
   9.0940000e-01   2.1680125e+02
   9.0950000e-01   2.1680062e+02
   9.0960000e-01   2.1679998e+02
   9.0970000e-01   2.1679933e+02
   9.0980000e-01   2.1679867e+02
   9.0990000e-01   2.1679852e+02
   9.1000000e-01   2.1680095e+02
   9.1010000e-01   2.1679742e+02
   9.1020000e-01   2.1679192e+02
   9.1030000e-01   2.1679464e+02
   9.1040000e-01   2.1680069e+02
   9.1050000e-01   2.1680457e+02
   9.1060000e-01   2.1680654e+02
   9.1070000e-01   2.1680779e+02
   9.1080000e-01   2.1680861e+02
   9.1090000e-01   2.1680917e+02
   9.1100000e-01   2.1680955e+02
   9.1110000e-01   2.1680982e+02
   9.1120000e-01   2.1681001e+02
   9.1130000e-01   2.1681110e+02
   9.1140000e-01   2.1681219e+02
   9.1150000e-01   2.1681328e+02
   9.1160000e-01   2.1681437e+02
   9.1170000e-01   2.1681546e+02
   9.1180000e-01   2.1681655e+02
   9.1190000e-01   2.1681766e+02
   9.1200000e-01   2.1681877e+02
   9.1210000e-01   2.1681991e+02
   9.1220000e-01   2.1682107e+02
   9.1230000e-01   2.1682225e+02
   9.1240000e-01   2.1682346e+02
   9.1250000e-01   2.1682470e+02
   9.1260000e-01   2.1682598e+02
   9.1270000e-01   2.1682728e+02
   9.1280000e-01   2.1682862e+02
   9.1290000e-01   2.1682999e+02
   9.1300000e-01   2.1683137e+02
   9.1310000e-01   2.1682473e+02
   9.1320000e-01   2.1682041e+02
   9.1330000e-01   2.1681810e+02
   9.1340000e-01   2.1681680e+02
   9.1350000e-01   2.1681603e+02
   9.1360000e-01   2.1681555e+02
   9.1370000e-01   2.1681513e+02
   9.1380000e-01   2.1681496e+02
   9.1390000e-01   2.1681487e+02
   9.1400000e-01   2.1681481e+02
   9.1410000e-01   2.1681478e+02
   9.1420000e-01   2.1681476e+02
   9.1430000e-01   2.1681475e+02
   9.1440000e-01   2.1681475e+02
   9.1450000e-01   2.1681463e+02
   9.1460000e-01   2.1681544e+02
   9.1470000e-01   2.1681768e+02
   9.1480000e-01   2.1682149e+02
   9.1490000e-01   2.1682677e+02
   9.1500000e-01   2.1683324e+02
   9.1510000e-01   2.1684055e+02
   9.1520000e-01   2.1684834e+02
   9.1530000e-01   2.1685623e+02
   9.1540000e-01   2.1686389e+02
   9.1550000e-01   2.1687102e+02
   9.1560000e-01   2.1687738e+02
   9.1570000e-01   2.1688277e+02
   9.1580000e-01   2.1688705e+02
   9.1590000e-01   2.1689012e+02
   9.1600000e-01   2.1689199e+02
   9.1610000e-01   2.1689268e+02
   9.1620000e-01   2.1689229e+02
   9.1630000e-01   2.1689099e+02
   9.1640000e-01   2.1688900e+02
   9.1650000e-01   2.1688656e+02
   9.1660000e-01   2.1688453e+02
   9.1670000e-01   2.1688322e+02
   9.1680000e-01   2.1688263e+02
   9.1690000e-01   2.1688255e+02
   9.1700000e-01   2.1688279e+02
   9.1710000e-01   2.1688321e+02
   9.1720000e-01   2.1688359e+02
   9.1730000e-01   2.1688395e+02
   9.1740000e-01   2.1688427e+02
   9.1750000e-01   2.1688453e+02
   9.1760000e-01   2.1688476e+02
   9.1770000e-01   2.1688495e+02
   9.1780000e-01   2.1688510e+02
   9.1790000e-01   2.1688493e+02
   9.1800000e-01   2.1688443e+02
   9.1810000e-01   2.1688350e+02
   9.1820000e-01   2.1688225e+02
   9.1830000e-01   2.1688074e+02
   9.1840000e-01   2.1687902e+02
   9.1850000e-01   2.1687712e+02
   9.1860000e-01   2.1687506e+02
   9.1870000e-01   2.1687285e+02
   9.1880000e-01   2.1687048e+02
   9.1890000e-01   2.1686797e+02
   9.1900000e-01   2.1686530e+02
   9.1910000e-01   2.1686248e+02
   9.1920000e-01   2.1685952e+02
   9.1930000e-01   2.1685640e+02
   9.1940000e-01   2.1685314e+02
   9.1950000e-01   2.1684974e+02
   9.1960000e-01   2.1684622e+02
   9.1970000e-01   2.1684414e+02
   9.1980000e-01   2.1684616e+02
   9.1990000e-01   2.1685411e+02
   9.2000000e-01   2.1686369e+02
   9.2010000e-01   2.1689457e+02
   9.2020000e-01   2.1690214e+02
   9.2030000e-01   2.1690457e+02
   9.2040000e-01   2.1690540e+02
   9.2050000e-01   2.1690419e+02
   9.2060000e-01   2.1690255e+02
   9.2070000e-01   2.1690104e+02
   9.2080000e-01   2.1689983e+02
   9.2090000e-01   2.1689892e+02
   9.2100000e-01   2.1689826e+02
   9.2110000e-01   2.1689778e+02
   9.2120000e-01   2.1689749e+02
   9.2130000e-01   2.1689856e+02
   9.2140000e-01   2.1689964e+02
   9.2150000e-01   2.1690070e+02
   9.2160000e-01   2.1690175e+02
   9.2170000e-01   2.1690277e+02
   9.2180000e-01   2.1690377e+02
   9.2190000e-01   2.1690473e+02
   9.2200000e-01   2.1690565e+02
   9.2210000e-01   2.1690652e+02
   9.2220000e-01   2.1690743e+02
   9.2230000e-01   2.1690836e+02
   9.2240000e-01   2.1690932e+02
   9.2250000e-01   2.1691030e+02
   9.2260000e-01   2.1691130e+02
   9.2270000e-01   2.1691229e+02
   9.2280000e-01   2.1691328e+02
   9.2290000e-01   2.1691423e+02
   9.2300000e-01   2.1691515e+02
   9.2310000e-01   2.1691016e+02
   9.2320000e-01   2.1690583e+02
   9.2330000e-01   2.1690354e+02
   9.2340000e-01   2.1690223e+02
   9.2350000e-01   2.1690145e+02
   9.2360000e-01   2.1690094e+02
   9.2370000e-01   2.1690050e+02
   9.2380000e-01   2.1690031e+02
   9.2390000e-01   2.1690018e+02
   9.2400000e-01   2.1690009e+02
   9.2410000e-01   2.1690003e+02
   9.2420000e-01   2.1689998e+02
   9.2430000e-01   2.1689994e+02
   9.2440000e-01   2.1689991e+02
   9.2450000e-01   2.1689989e+02
   9.2460000e-01   2.1689993e+02
   9.2470000e-01   2.1689895e+02
   9.2480000e-01   2.1689672e+02
   9.2490000e-01   2.1689318e+02
   9.2500000e-01   2.1688849e+02
   9.2510000e-01   2.1688295e+02
   9.2520000e-01   2.1687689e+02
   9.2530000e-01   2.1687065e+02
   9.2540000e-01   2.1686455e+02
   9.2550000e-01   2.1685890e+02
   9.2560000e-01   2.1685392e+02
   9.2570000e-01   2.1684981e+02
   9.2580000e-01   2.1684672e+02
   9.2590000e-01   2.1684473e+02
   9.2600000e-01   2.1684384e+02
   9.2610000e-01   2.1684402e+02
   9.2620000e-01   2.1684516e+02
   9.2630000e-01   2.1684711e+02
   9.2640000e-01   2.1685008e+02
   9.2650000e-01   2.1685184e+02
   9.2660000e-01   2.1685314e+02
   9.2670000e-01   2.1685387e+02
   9.2680000e-01   2.1685418e+02
   9.2690000e-01   2.1685422e+02
   9.2700000e-01   2.1685412e+02
   9.2710000e-01   2.1685397e+02
   9.2720000e-01   2.1685380e+02
   9.2730000e-01   2.1685364e+02
   9.2740000e-01   2.1685350e+02
   9.2750000e-01   2.1685337e+02
   9.2760000e-01   2.1685327e+02
   9.2770000e-01   2.1685318e+02
   9.2780000e-01   2.1685311e+02
   9.2790000e-01   2.1685312e+02
   9.2800000e-01   2.1685298e+02
   9.2810000e-01   2.1685288e+02
   9.2820000e-01   2.1685276e+02
   9.2830000e-01   2.1685265e+02
   9.2840000e-01   2.1685256e+02
   9.2850000e-01   2.1685247e+02
   9.2860000e-01   2.1685237e+02
   9.2870000e-01   2.1685226e+02
   9.2880000e-01   2.1685251e+02
   9.2890000e-01   2.1685225e+02
   9.2900000e-01   2.1685200e+02
   9.2910000e-01   2.1685175e+02
   9.2920000e-01   2.1685158e+02
   9.2930000e-01   2.1685148e+02
   9.2940000e-01   2.1685137e+02
   9.2950000e-01   2.1685125e+02
   9.2960000e-01   2.1685112e+02
   9.2970000e-01   2.1685099e+02
   9.2980000e-01   2.1685164e+02
   9.2990000e-01   2.1685117e+02
   9.3000000e-01   2.1685114e+02
   9.3010000e-01   2.1684715e+02
   9.3020000e-01   2.1684103e+02
   9.3030000e-01   2.1683960e+02
   9.3040000e-01   2.1684046e+02
   9.3050000e-01   2.1684211e+02
   9.3060000e-01   2.1684439e+02
   9.3070000e-01   2.1684624e+02
   9.3080000e-01   2.1684769e+02
   9.3090000e-01   2.1684873e+02
   9.3100000e-01   2.1684946e+02
   9.3110000e-01   2.1684995e+02
   9.3120000e-01   2.1685027e+02
   9.3130000e-01   2.1685134e+02
   9.3140000e-01   2.1685234e+02
   9.3150000e-01   2.1685330e+02
   9.3160000e-01   2.1685425e+02
   9.3170000e-01   2.1685519e+02
   9.3180000e-01   2.1685608e+02
   9.3190000e-01   2.1685694e+02
   9.3200000e-01   2.1685774e+02
   9.3210000e-01   2.1685847e+02
   9.3220000e-01   2.1685914e+02
   9.3230000e-01   2.1685974e+02
   9.3240000e-01   2.1686027e+02
   9.3250000e-01   2.1686074e+02
   9.3260000e-01   2.1686113e+02
   9.3270000e-01   2.1686148e+02
   9.3280000e-01   2.1686178e+02
   9.3290000e-01   2.1686204e+02
   9.3300000e-01   2.1686231e+02
   9.3310000e-01   2.1685919e+02
   9.3320000e-01   2.1685631e+02
   9.3330000e-01   2.1685482e+02
   9.3340000e-01   2.1685397e+02
   9.3350000e-01   2.1685346e+02
   9.3360000e-01   2.1685314e+02
   9.3370000e-01   2.1685293e+02
   9.3380000e-01   2.1685279e+02
   9.3390000e-01   2.1685270e+02
   9.3400000e-01   2.1685263e+02
   9.3410000e-01   2.1685259e+02
   9.3420000e-01   2.1685256e+02
   9.3430000e-01   2.1685254e+02
   9.3440000e-01   2.1685253e+02
   9.3450000e-01   2.1685264e+02
   9.3460000e-01   2.1685183e+02
   9.3470000e-01   2.1684960e+02
   9.3480000e-01   2.1684580e+02
   9.3490000e-01   2.1684053e+02
   9.3500000e-01   2.1683407e+02
   9.3510000e-01   2.1682677e+02
   9.3520000e-01   2.1681900e+02
   9.3530000e-01   2.1681112e+02
   9.3540000e-01   2.1680347e+02
   9.3550000e-01   2.1679635e+02
   9.3560000e-01   2.1679000e+02
   9.3570000e-01   2.1678463e+02
   9.3580000e-01   2.1678036e+02
   9.3590000e-01   2.1677730e+02
   9.3600000e-01   2.1677544e+02
   9.3610000e-01   2.1677477e+02
   9.3620000e-01   2.1677516e+02
   9.3630000e-01   2.1677648e+02
   9.3640000e-01   2.1677848e+02
   9.3650000e-01   2.1678092e+02
   9.3660000e-01   2.1678295e+02
   9.3670000e-01   2.1678427e+02
   9.3680000e-01   2.1678486e+02
   9.3690000e-01   2.1678495e+02
   9.3700000e-01   2.1678472e+02
   9.3710000e-01   2.1678431e+02
   9.3720000e-01   2.1678393e+02
   9.3730000e-01   2.1678357e+02
   9.3740000e-01   2.1678325e+02
   9.3750000e-01   2.1678299e+02
   9.3760000e-01   2.1678276e+02
   9.3770000e-01   2.1678257e+02
   9.3780000e-01   2.1678242e+02
   9.3790000e-01   2.1678227e+02
   9.3800000e-01   2.1678206e+02
   9.3810000e-01   2.1678175e+02
   9.3820000e-01   2.1678134e+02
   9.3830000e-01   2.1678085e+02
   9.3840000e-01   2.1678030e+02
   9.3850000e-01   2.1677970e+02
   9.3860000e-01   2.1677906e+02
   9.3870000e-01   2.1677839e+02
   9.3880000e-01   2.1677768e+02
   9.3890000e-01   2.1677695e+02
   9.3900000e-01   2.1677620e+02
   9.3910000e-01   2.1677543e+02
   9.3920000e-01   2.1677464e+02
   9.3930000e-01   2.1677384e+02
   9.3940000e-01   2.1677303e+02
   9.3950000e-01   2.1677221e+02
   9.3960000e-01   2.1677147e+02
   9.3970000e-01   2.1677124e+02
   9.3980000e-01   2.1677347e+02
   9.3990000e-01   2.1677514e+02
   9.4000000e-01   2.1677708e+02
   9.4010000e-01   2.1716203e+02
   9.4020000e-01   2.1695235e+02
   9.4030000e-01   2.1685680e+02
   9.4040000e-01   2.1681244e+02
   9.4050000e-01   2.1679268e+02
   9.4060000e-01   2.1678378e+02
   9.4070000e-01   2.1677975e+02
   9.4080000e-01   2.1677791e+02
   9.4090000e-01   2.1677705e+02
   9.4100000e-01   2.1677665e+02
   9.4110000e-01   2.1677644e+02
   9.4120000e-01   2.1677634e+02
   9.4130000e-01   2.1677796e+02
   9.4140000e-01   2.1677947e+02
   9.4150000e-01   2.1678096e+02
   9.4160000e-01   2.1678241e+02
   9.4170000e-01   2.1678381e+02
   9.4180000e-01   2.1678515e+02
   9.4190000e-01   2.1678643e+02
   9.4200000e-01   2.1678765e+02
   9.4210000e-01   2.1678882e+02
   9.4220000e-01   2.1678992e+02
   9.4230000e-01   2.1679097e+02
   9.4240000e-01   2.1679197e+02
   9.4250000e-01   2.1679294e+02
   9.4260000e-01   2.1679387e+02
   9.4270000e-01   2.1679478e+02
   9.4280000e-01   2.1679570e+02
   9.4290000e-01   2.1679663e+02
   9.4300000e-01   2.1679753e+02
   9.4310000e-01   2.1679043e+02
   9.4320000e-01   2.1678638e+02
   9.4330000e-01   2.1678422e+02
   9.4340000e-01   2.1678301e+02
   9.4350000e-01   2.1678230e+02
   9.4360000e-01   2.1678187e+02
   9.4370000e-01   2.1678172e+02
   9.4380000e-01   2.1678153e+02
   9.4390000e-01   2.1678140e+02
   9.4400000e-01   2.1678131e+02
   9.4410000e-01   2.1678125e+02
   9.4420000e-01   2.1678122e+02
   9.4430000e-01   2.1678119e+02
   9.4440000e-01   2.1678118e+02
   9.4450000e-01   2.1678117e+02
   9.4460000e-01   2.1678110e+02
   9.4470000e-01   2.1678190e+02
   9.4480000e-01   2.1678393e+02
   9.4490000e-01   2.1678725e+02
   9.4500000e-01   2.1679170e+02
   9.4510000e-01   2.1679701e+02
   9.4520000e-01   2.1680284e+02
   9.4530000e-01   2.1680887e+02
   9.4540000e-01   2.1681475e+02
   9.4550000e-01   2.1682022e+02
   9.4560000e-01   2.1682501e+02
   9.4570000e-01   2.1682895e+02
   9.4580000e-01   2.1683189e+02
   9.4590000e-01   2.1683374e+02
   9.4600000e-01   2.1683451e+02
   9.4610000e-01   2.1683421e+02
   9.4620000e-01   2.1683297e+02
   9.4630000e-01   2.1683094e+02
   9.4640000e-01   2.1682826e+02
   9.4650000e-01   2.1682635e+02
   9.4660000e-01   2.1682518e+02
   9.4670000e-01   2.1682451e+02
   9.4680000e-01   2.1682423e+02
   9.4690000e-01   2.1682420e+02
   9.4700000e-01   2.1682429e+02
   9.4710000e-01   2.1682443e+02
   9.4720000e-01   2.1682459e+02
   9.4730000e-01   2.1682474e+02
   9.4740000e-01   2.1682488e+02
   9.4750000e-01   2.1682500e+02
   9.4760000e-01   2.1682511e+02
   9.4770000e-01   2.1682521e+02
   9.4780000e-01   2.1682529e+02
   9.4790000e-01   2.1682541e+02
   9.4800000e-01   2.1682535e+02
   9.4810000e-01   2.1682527e+02
   9.4820000e-01   2.1682518e+02
   9.4830000e-01   2.1682506e+02
   9.4840000e-01   2.1682493e+02
   9.4850000e-01   2.1682479e+02
   9.4860000e-01   2.1682464e+02
   9.4870000e-01   2.1682448e+02
   9.4880000e-01   2.1682394e+02
   9.4890000e-01   2.1682390e+02
   9.4900000e-01   2.1682382e+02
   9.4910000e-01   2.1682372e+02
   9.4920000e-01   2.1682351e+02
   9.4930000e-01   2.1682320e+02
   9.4940000e-01   2.1682288e+02
   9.4950000e-01   2.1682255e+02
   9.4960000e-01   2.1682219e+02
   9.4970000e-01   2.1682181e+02
   9.4980000e-01   2.1682073e+02
   9.4990000e-01   2.1682182e+02
   9.5000000e-01   2.1682338e+02
   9.5010000e-01   2.1672279e+02
   9.5020000e-01   2.1680333e+02
   9.5030000e-01   2.1683322e+02
   9.5040000e-01   2.1684137e+02
   9.5050000e-01   2.1684267e+02
   9.5060000e-01   2.1684156e+02
   9.5070000e-01   2.1683986e+02
   9.5080000e-01   2.1683824e+02
   9.5090000e-01   2.1683696e+02
   9.5100000e-01   2.1683602e+02
   9.5110000e-01   2.1683536e+02
   9.5120000e-01   2.1683491e+02
   9.5130000e-01   2.1683601e+02
   9.5140000e-01   2.1683701e+02
   9.5150000e-01   2.1683802e+02
   9.5160000e-01   2.1683902e+02
   9.5170000e-01   2.1684002e+02
   9.5180000e-01   2.1684105e+02
   9.5190000e-01   2.1684209e+02
   9.5200000e-01   2.1684316e+02
   9.5210000e-01   2.1684425e+02
   9.5220000e-01   2.1684537e+02
   9.5230000e-01   2.1684652e+02
   9.5240000e-01   2.1684769e+02
   9.5250000e-01   2.1684887e+02
   9.5260000e-01   2.1685007e+02
   9.5270000e-01   2.1685127e+02
   9.5280000e-01   2.1685246e+02
   9.5290000e-01   2.1685364e+02
   9.5300000e-01   2.1685477e+02
   9.5310000e-01   2.1684652e+02
   9.5320000e-01   2.1684308e+02
   9.5330000e-01   2.1684123e+02
   9.5340000e-01   2.1684019e+02
   9.5350000e-01   2.1683957e+02
   9.5360000e-01   2.1683920e+02
   9.5370000e-01   2.1683897e+02
   9.5380000e-01   2.1683881e+02
   9.5390000e-01   2.1683871e+02
   9.5400000e-01   2.1683864e+02
   9.5410000e-01   2.1683859e+02
   9.5420000e-01   2.1683855e+02
   9.5430000e-01   2.1683852e+02
   9.5440000e-01   2.1683849e+02
   9.5450000e-01   2.1683838e+02
   9.5460000e-01   2.1683920e+02
   9.5470000e-01   2.1684123e+02
   9.5480000e-01   2.1684475e+02
   9.5490000e-01   2.1684975e+02
   9.5500000e-01   2.1685596e+02
   9.5510000e-01   2.1686303e+02
   9.5520000e-01   2.1687057e+02
   9.5530000e-01   2.1687823e+02
   9.5540000e-01   2.1688568e+02
   9.5550000e-01   2.1689261e+02
   9.5560000e-01   2.1689878e+02
   9.5570000e-01   2.1690399e+02
   9.5580000e-01   2.1690810e+02
   9.5590000e-01   2.1691103e+02
   9.5600000e-01   2.1691276e+02
   9.5610000e-01   2.1691332e+02
   9.5620000e-01   2.1691283e+02
   9.5630000e-01   2.1691144e+02
   9.5640000e-01   2.1690938e+02
   9.5650000e-01   2.1690692e+02
   9.5660000e-01   2.1690496e+02
   9.5670000e-01   2.1690369e+02
   9.5680000e-01   2.1690313e+02
   9.5690000e-01   2.1690303e+02
   9.5700000e-01   2.1690319e+02
   9.5710000e-01   2.1690347e+02
   9.5720000e-01   2.1690378e+02
   9.5730000e-01   2.1690407e+02
   9.5740000e-01   2.1690433e+02
   9.5750000e-01   2.1690456e+02
   9.5760000e-01   2.1690474e+02
   9.5770000e-01   2.1690489e+02
   9.5780000e-01   2.1690501e+02
   9.5790000e-01   2.1690500e+02
   9.5800000e-01   2.1690581e+02
   9.5810000e-01   2.1690690e+02
   9.5820000e-01   2.1690832e+02
   9.5830000e-01   2.1690999e+02
   9.5840000e-01   2.1691188e+02
   9.5850000e-01   2.1691395e+02
   9.5860000e-01   2.1691620e+02
   9.5870000e-01   2.1691860e+02
   9.5880000e-01   2.1692116e+02
   9.5890000e-01   2.1692387e+02
   9.5900000e-01   2.1692673e+02
   9.5910000e-01   2.1692975e+02
   9.5920000e-01   2.1693291e+02
   9.5930000e-01   2.1693622e+02
   9.5940000e-01   2.1693967e+02
   9.5950000e-01   2.1694324e+02
   9.5960000e-01   2.1694685e+02
   9.5970000e-01   2.1694850e+02
   9.5980000e-01   2.1694367e+02
   9.5990000e-01   2.1693437e+02
   9.6000000e-01   2.1692562e+02
   9.6010000e-01   2.1656692e+02
   9.6020000e-01   2.1674557e+02
   9.6030000e-01   2.1682687e+02
   9.6040000e-01   2.1686399e+02
   9.6050000e-01   2.1688128e+02
   9.6060000e-01   2.1688961e+02
   9.6070000e-01   2.1689377e+02
   9.6080000e-01   2.1689593e+02
   9.6090000e-01   2.1689710e+02
   9.6100000e-01   2.1689777e+02
   9.6110000e-01   2.1689817e+02
   9.6120000e-01   2.1689842e+02
   9.6130000e-01   2.1689897e+02
   9.6140000e-01   2.1689946e+02
   9.6150000e-01   2.1689997e+02
   9.6160000e-01   2.1690051e+02
   9.6170000e-01   2.1690110e+02
   9.6180000e-01   2.1690176e+02
   9.6190000e-01   2.1690250e+02
   9.6200000e-01   2.1690331e+02
   9.6210000e-01   2.1690420e+02
   9.6220000e-01   2.1690510e+02
   9.6230000e-01   2.1690601e+02
   9.6240000e-01   2.1690692e+02
   9.6250000e-01   2.1690783e+02
   9.6260000e-01   2.1690874e+02
   9.6270000e-01   2.1690964e+02
   9.6280000e-01   2.1691055e+02
   9.6290000e-01   2.1691143e+02
   9.6300000e-01   2.1691111e+02
   9.6310000e-01   2.1690567e+02
   9.6320000e-01   2.1690380e+02
   9.6330000e-01   2.1690273e+02
   9.6340000e-01   2.1690208e+02
   9.6350000e-01   2.1690168e+02
   9.6360000e-01   2.1690141e+02
   9.6370000e-01   2.1690112e+02
   9.6380000e-01   2.1690103e+02
   9.6390000e-01   2.1690098e+02
   9.6400000e-01   2.1690095e+02
   9.6410000e-01   2.1690093e+02
   9.6420000e-01   2.1690092e+02
   9.6430000e-01   2.1690091e+02
   9.6440000e-01   2.1690091e+02
   9.6450000e-01   2.1690087e+02
   9.6460000e-01   2.1690158e+02
   9.6470000e-01   2.1690265e+02
   9.6480000e-01   2.1690395e+02
   9.6490000e-01   2.1690543e+02
   9.6500000e-01   2.1690698e+02
   9.6510000e-01   2.1690852e+02
   9.6520000e-01   2.1691003e+02
   9.6530000e-01   2.1691148e+02
   9.6540000e-01   2.1691286e+02
   9.6550000e-01   2.1691416e+02
   9.6560000e-01   2.1691538e+02
   9.6570000e-01   2.1691651e+02
   9.6580000e-01   2.1691755e+02
   9.6590000e-01   2.1691851e+02
   9.6600000e-01   2.1691937e+02
   9.6610000e-01   2.1692014e+02
   9.6620000e-01   2.1692081e+02
   9.6630000e-01   2.1692138e+02
   9.6640000e-01   2.1692195e+02
   9.6650000e-01   2.1692105e+02
   9.6660000e-01   2.1692045e+02
   9.6670000e-01   2.1692000e+02
   9.6680000e-01   2.1691978e+02
   9.6690000e-01   2.1691974e+02
   9.6700000e-01   2.1691986e+02
   9.6710000e-01   2.1692001e+02
   9.6720000e-01   2.1692017e+02
   9.6730000e-01   2.1692031e+02
   9.6740000e-01   2.1692043e+02
   9.6750000e-01   2.1692053e+02
   9.6760000e-01   2.1692061e+02
   9.6770000e-01   2.1692067e+02
   9.6780000e-01   2.1692072e+02
   9.6790000e-01   2.1692092e+02
   9.6800000e-01   2.1692036e+02
   9.6810000e-01   2.1691907e+02
   9.6820000e-01   2.1691735e+02
   9.6830000e-01   2.1691539e+02
   9.6840000e-01   2.1691317e+02
   9.6850000e-01   2.1691072e+02
   9.6860000e-01   2.1690808e+02
   9.6870000e-01   2.1690525e+02
   9.6880000e-01   2.1690226e+02
   9.6890000e-01   2.1689911e+02
   9.6900000e-01   2.1689580e+02
   9.6910000e-01   2.1689234e+02
   9.6920000e-01   2.1688874e+02
   9.6930000e-01   2.1688500e+02
   9.6940000e-01   2.1688113e+02
   9.6950000e-01   2.1687715e+02
   9.6960000e-01   2.1687440e+02
   9.6970000e-01   2.1687468e+02
   9.6980000e-01   2.1688074e+02
   9.6990000e-01   2.1689113e+02
   9.7000000e-01   2.1690061e+02
   9.7010000e-01   2.1701246e+02
   9.7020000e-01   2.1694262e+02
   9.7030000e-01   2.1691861e+02
   9.7040000e-01   2.1691099e+02
   9.7050000e-01   2.1691097e+02
   9.7060000e-01   2.1691340e+02
   9.7070000e-01   2.1691619e+02
   9.7080000e-01   2.1691861e+02
   9.7090000e-01   2.1692053e+02
   9.7100000e-01   2.1692197e+02
   9.7110000e-01   2.1692302e+02
   9.7120000e-01   2.1692379e+02
   9.7130000e-01   2.1692485e+02
   9.7140000e-01   2.1692587e+02
   9.7150000e-01   2.1692688e+02
   9.7160000e-01   2.1692792e+02
   9.7170000e-01   2.1692897e+02
   9.7180000e-01   2.1693006e+02
   9.7190000e-01   2.1693119e+02
   9.7200000e-01   2.1693236e+02
   9.7210000e-01   2.1693360e+02
   9.7220000e-01   2.1693489e+02
   9.7230000e-01   2.1693624e+02
   9.7240000e-01   2.1693765e+02
   9.7250000e-01   2.1693912e+02
   9.7260000e-01   2.1694065e+02
   9.7270000e-01   2.1694222e+02
   9.7280000e-01   2.1694382e+02
   9.7290000e-01   2.1694546e+02
   9.7300000e-01   2.1694413e+02
   9.7310000e-01   2.1693739e+02
   9.7320000e-01   2.1693415e+02
   9.7330000e-01   2.1693240e+02
   9.7340000e-01   2.1693138e+02
   9.7350000e-01   2.1693077e+02
   9.7360000e-01   2.1693039e+02
   9.7370000e-01   2.1693059e+02
   9.7380000e-01   2.1693017e+02
   9.7390000e-01   2.1692997e+02
   9.7400000e-01   2.1692986e+02
   9.7410000e-01   2.1692979e+02
   9.7420000e-01   2.1692975e+02
   9.7430000e-01   2.1692972e+02
   9.7440000e-01   2.1692969e+02
   9.7450000e-01   2.1692976e+02
   9.7460000e-01   2.1692884e+02
   9.7470000e-01   2.1692745e+02
   9.7480000e-01   2.1692575e+02
   9.7490000e-01   2.1692383e+02
   9.7500000e-01   2.1692182e+02
   9.7510000e-01   2.1691982e+02
   9.7520000e-01   2.1691786e+02
   9.7530000e-01   2.1691599e+02
   9.7540000e-01   2.1691420e+02
   9.7550000e-01   2.1691252e+02
   9.7560000e-01   2.1691094e+02
   9.7570000e-01   2.1690948e+02
   9.7580000e-01   2.1690813e+02
   9.7590000e-01   2.1690690e+02
   9.7600000e-01   2.1690579e+02
   9.7610000e-01   2.1690480e+02
   9.7620000e-01   2.1690394e+02
   9.7630000e-01   2.1690320e+02
   9.7640000e-01   2.1690255e+02
   9.7650000e-01   2.1690326e+02
   9.7660000e-01   2.1690407e+02
   9.7670000e-01   2.1690472e+02
   9.7680000e-01   2.1690502e+02
   9.7690000e-01   2.1690506e+02
   9.7700000e-01   2.1690496e+02
   9.7710000e-01   2.1690480e+02
   9.7720000e-01   2.1690462e+02
   9.7730000e-01   2.1690446e+02
   9.7740000e-01   2.1690431e+02
   9.7750000e-01   2.1690419e+02
   9.7760000e-01   2.1690410e+02
   9.7770000e-01   2.1690403e+02
   9.7780000e-01   2.1690398e+02
   9.7790000e-01   2.1690414e+02
   9.7800000e-01   2.1690392e+02
   9.7810000e-01   2.1690374e+02
   9.7820000e-01   2.1690358e+02
   9.7830000e-01   2.1690342e+02
   9.7840000e-01   2.1690327e+02
   9.7850000e-01   2.1690310e+02
   9.7860000e-01   2.1690293e+02
   9.7870000e-01   2.1690275e+02
   9.7880000e-01   2.1690284e+02
   9.7890000e-01   2.1690270e+02
   9.7900000e-01   2.1690234e+02
   9.7910000e-01   2.1690200e+02
   9.7920000e-01   2.1690177e+02
   9.7930000e-01   2.1690161e+02
   9.7940000e-01   2.1690144e+02
   9.7950000e-01   2.1690126e+02
   9.7960000e-01   2.1690108e+02
   9.7970000e-01   2.1690096e+02
   9.7980000e-01   2.1690171e+02
   9.7990000e-01   2.1690229e+02
   9.8000000e-01   2.1690280e+02
   9.8010000e-01   2.1707695e+02
   9.8020000e-01   2.1698771e+02
   9.8030000e-01   2.1694639e+02
   9.8040000e-01   2.1692923e+02
   9.8050000e-01   2.1691891e+02
   9.8060000e-01   2.1691250e+02
   9.8070000e-01   2.1690839e+02
   9.8080000e-01   2.1690574e+02
   9.8090000e-01   2.1690397e+02
   9.8100000e-01   2.1690277e+02
   9.8110000e-01   2.1690197e+02
   9.8120000e-01   2.1690143e+02
   9.8130000e-01   2.1690218e+02
   9.8140000e-01   2.1690288e+02
   9.8150000e-01   2.1690361e+02
   9.8160000e-01   2.1690442e+02
   9.8170000e-01   2.1690533e+02
   9.8180000e-01   2.1690639e+02
   9.8190000e-01   2.1690762e+02
   9.8200000e-01   2.1690905e+02
   9.8210000e-01   2.1691071e+02
   9.8220000e-01   2.1691249e+02
   9.8230000e-01   2.1691433e+02
   9.8240000e-01   2.1691621e+02
   9.8250000e-01   2.1691814e+02
   9.8260000e-01   2.1692010e+02
   9.8270000e-01   2.1692209e+02
   9.8280000e-01   2.1692411e+02
   9.8290000e-01   2.1692615e+02
   9.8300000e-01   2.1692943e+02
   9.8310000e-01   2.1691861e+02
   9.8320000e-01   2.1691294e+02
   9.8330000e-01   2.1690996e+02
   9.8340000e-01   2.1690828e+02
   9.8350000e-01   2.1690729e+02
   9.8360000e-01   2.1690668e+02
   9.8370000e-01   2.1690643e+02
   9.8380000e-01   2.1690619e+02
   9.8390000e-01   2.1690595e+02
   9.8400000e-01   2.1690580e+02
   9.8410000e-01   2.1690570e+02
   9.8420000e-01   2.1690564e+02
   9.8430000e-01   2.1690559e+02
   9.8440000e-01   2.1690555e+02
   9.8450000e-01   2.1690556e+02
   9.8460000e-01   2.1690575e+02
   9.8470000e-01   2.1690526e+02
   9.8480000e-01   2.1690499e+02
   9.8490000e-01   2.1690474e+02
   9.8500000e-01   2.1690450e+02
   9.8510000e-01   2.1690426e+02
   9.8520000e-01   2.1690403e+02
   9.8530000e-01   2.1690381e+02
   9.8540000e-01   2.1690360e+02
   9.8550000e-01   2.1690341e+02
   9.8560000e-01   2.1690322e+02
   9.8570000e-01   2.1690305e+02
   9.8580000e-01   2.1690289e+02
   9.8590000e-01   2.1690275e+02
   9.8600000e-01   2.1690262e+02
   9.8610000e-01   2.1690250e+02
   9.8620000e-01   2.1690240e+02
   9.8630000e-01   2.1690232e+02
   9.8640000e-01   2.1690225e+02
   9.8650000e-01   2.1690220e+02
   9.8660000e-01   2.1690230e+02
   9.8670000e-01   2.1690240e+02
   9.8680000e-01   2.1690243e+02
   9.8690000e-01   2.1690243e+02
   9.8700000e-01   2.1690235e+02
   9.8710000e-01   2.1690230e+02
   9.8720000e-01   2.1690226e+02
   9.8730000e-01   2.1690222e+02
   9.8740000e-01   2.1690219e+02
   9.8750000e-01   2.1690217e+02
   9.8760000e-01   2.1690215e+02
   9.8770000e-01   2.1690212e+02
   9.8780000e-01   2.1690211e+02
   9.8790000e-01   2.1690229e+02
   9.8800000e-01   2.1690247e+02
   9.8810000e-01   2.1690344e+02
   9.8820000e-01   2.1690490e+02
   9.8830000e-01   2.1690656e+02
   9.8840000e-01   2.1690846e+02
   9.8850000e-01   2.1691055e+02
   9.8860000e-01   2.1691282e+02
   9.8870000e-01   2.1691525e+02
   9.8880000e-01   2.1691783e+02
   9.8890000e-01   2.1692055e+02
   9.8900000e-01   2.1692342e+02
   9.8910000e-01   2.1692642e+02
   9.8920000e-01   2.1692955e+02
   9.8930000e-01   2.1693280e+02
   9.8940000e-01   2.1693617e+02
   9.8950000e-01   2.1693965e+02
   9.8960000e-01   2.1694188e+02
   9.8970000e-01   2.1694108e+02
   9.8980000e-01   2.1693616e+02
   9.8990000e-01   2.1692665e+02
   9.9000000e-01   2.1691825e+02
   9.9010000e-01   2.1692205e+02
   9.9020000e-01   2.1693009e+02
   9.9030000e-01   2.1692491e+02
   9.9040000e-01   2.1691723e+02
   9.9050000e-01   2.1691080e+02
   9.9060000e-01   2.1690581e+02
   9.9070000e-01   2.1690210e+02
   9.9080000e-01   2.1689941e+02
   9.9090000e-01   2.1689748e+02
   9.9100000e-01   2.1689611e+02
   9.9110000e-01   2.1689514e+02
   9.9120000e-01   2.1689445e+02
   9.9130000e-01   2.1689597e+02
   9.9140000e-01   2.1689799e+02
   9.9150000e-01   2.1690000e+02
   9.9160000e-01   2.1690198e+02
   9.9170000e-01   2.1690393e+02
   9.9180000e-01   2.1690584e+02
   9.9190000e-01   2.1690770e+02
   9.9200000e-01   2.1690951e+02
   9.9210000e-01   2.1691127e+02
   9.9220000e-01   2.1691298e+02
   9.9230000e-01   2.1691463e+02
   9.9240000e-01   2.1691624e+02
   9.9250000e-01   2.1691781e+02
   9.9260000e-01   2.1691933e+02
   9.9270000e-01   2.1692082e+02
   9.9280000e-01   2.1692230e+02
   9.9290000e-01   2.1692376e+02
   9.9300000e-01   2.1691688e+02
   9.9310000e-01   2.1690919e+02
   9.9320000e-01   2.1690506e+02
   9.9330000e-01   2.1690278e+02
   9.9340000e-01   2.1690144e+02
   9.9350000e-01   2.1690063e+02
   9.9360000e-01   2.1690012e+02
   9.9370000e-01   2.1689968e+02
   9.9380000e-01   2.1689953e+02
   9.9390000e-01   2.1689944e+02
   9.9400000e-01   2.1689938e+02
   9.9410000e-01   2.1689935e+02
   9.9420000e-01   2.1689933e+02
   9.9430000e-01   2.1689934e+02
   9.9440000e-01   2.1689934e+02
   9.9450000e-01   2.1689936e+02
   9.9460000e-01   2.1689938e+02
   9.9470000e-01   2.1689945e+02
   9.9480000e-01   2.1689929e+02
   9.9490000e-01   2.1689904e+02
   9.9500000e-01   2.1689882e+02
   9.9510000e-01   2.1689861e+02
   9.9520000e-01   2.1689842e+02
   9.9530000e-01   2.1689823e+02
   9.9540000e-01   2.1689806e+02
   9.9550000e-01   2.1689789e+02
   9.9560000e-01   2.1689774e+02
   9.9570000e-01   2.1689760e+02
   9.9580000e-01   2.1689747e+02
   9.9590000e-01   2.1689736e+02
   9.9600000e-01   2.1689726e+02
   9.9610000e-01   2.1689717e+02
   9.9620000e-01   2.1689709e+02
   9.9630000e-01   2.1689699e+02
   9.9640000e-01   2.1689748e+02
   9.9650000e-01   2.1689746e+02
   9.9660000e-01   2.1689751e+02
   9.9670000e-01   2.1689755e+02
   9.9680000e-01   2.1689758e+02
   9.9690000e-01   2.1689759e+02
   9.9700000e-01   2.1689766e+02
   9.9710000e-01   2.1689777e+02
   9.9720000e-01   2.1689780e+02
   9.9730000e-01   2.1689783e+02
   9.9740000e-01   2.1689784e+02
   9.9750000e-01   2.1689785e+02
   9.9760000e-01   2.1689786e+02
   9.9770000e-01   2.1689787e+02
   9.9780000e-01   2.1689788e+02
   9.9790000e-01   2.1689780e+02
   9.9800000e-01   2.1689738e+02
   9.9810000e-01   2.1689630e+02
   9.9820000e-01   2.1689455e+02
   9.9830000e-01   2.1689252e+02
   9.9840000e-01   2.1689018e+02
   9.9850000e-01   2.1688760e+02
   9.9860000e-01   2.1688481e+02
   9.9870000e-01   2.1688181e+02
   9.9880000e-01   2.1687836e+02
   9.9890000e-01   2.1687495e+02
   9.9900000e-01   2.1687158e+02
   9.9910000e-01   2.1686802e+02
   9.9920000e-01   2.1686418e+02
   9.9930000e-01   2.1686011e+02
   9.9940000e-01   2.1685590e+02
   9.9950000e-01   2.1685163e+02
   9.9960000e-01   2.1684828e+02
   9.9970000e-01   2.1685003e+02
   9.9980000e-01   2.1685689e+02
   9.9990000e-01   2.1686801e+02
