   7.9990000e-01   2.1716167e+02
   8.0000000e-01   2.1706135e+02
   8.0010000e-01   2.1677349e+02
   8.0020000e-01   2.1685304e+02
   8.0030000e-01   2.1688582e+02
   8.0040000e-01   2.1689987e+02
   8.0050000e-01   2.1690464e+02
   8.0060000e-01   2.1690506e+02
   8.0070000e-01   2.1690440e+02
   8.0080000e-01   2.1690356e+02
   8.0090000e-01   2.1690280e+02
   8.0100000e-01   2.1690221e+02
   8.0110000e-01   2.1690176e+02
   8.0120000e-01   2.1690147e+02
   8.0130000e-01   2.1690116e+02
   8.0140000e-01   2.1690013e+02
   8.0150000e-01   2.1690027e+02
   8.0160000e-01   2.1690021e+02
   8.0170000e-01   2.1690006e+02
   8.0180000e-01   2.1689987e+02
   8.0190000e-01   2.1689966e+02
   8.0200000e-01   2.1689945e+02
   8.0210000e-01   2.1689924e+02
   8.0220000e-01   2.1689903e+02
   8.0230000e-01   2.1689888e+02
   8.0240000e-01   2.1689868e+02
   8.0250000e-01   2.1689849e+02
   8.0260000e-01   2.1689831e+02
   8.0270000e-01   2.1689815e+02
   8.0280000e-01   2.1689801e+02
   8.0290000e-01   2.1689788e+02
   8.0300000e-01   2.1689778e+02
   8.0310000e-01   2.1689808e+02
   8.0320000e-01   2.1689780e+02
   8.0330000e-01   2.1689783e+02
   8.0340000e-01   2.1689787e+02
   8.0350000e-01   2.1689789e+02
   8.0360000e-01   2.1689788e+02
   8.0370000e-01   2.1689786e+02
   8.0380000e-01   2.1689784e+02
   8.0390000e-01   2.1689781e+02
   8.0400000e-01   2.1689779e+02
   8.0410000e-01   2.1689778e+02
   8.0420000e-01   2.1689777e+02
   8.0430000e-01   2.1689776e+02
   8.0440000e-01   2.1689782e+02
   8.0450000e-01   2.1689812e+02
   8.0460000e-01   2.1689905e+02
   8.0470000e-01   2.1690018e+02
   8.0480000e-01   2.1690171e+02
   8.0490000e-01   2.1690353e+02
   8.0500000e-01   2.1690560e+02
   8.0510000e-01   2.1690788e+02
   8.0520000e-01   2.1691032e+02
   8.0530000e-01   2.1691292e+02
   8.0540000e-01   2.1691567e+02
   8.0550000e-01   2.1691855e+02
   8.0560000e-01   2.1692156e+02
   8.0570000e-01   2.1692469e+02
   8.0580000e-01   2.1692793e+02
   8.0590000e-01   2.1693129e+02
   8.0600000e-01   2.1693475e+02
   8.0610000e-01   2.1693831e+02
   8.0620000e-01   2.1694197e+02
   8.0630000e-01   2.1694571e+02
   8.0640000e-01   2.1694953e+02
   8.0650000e-01   2.1695135e+02
   8.0660000e-01   2.1694992e+02
   8.0670000e-01   2.1694172e+02
   8.0680000e-01   2.1692971e+02
   8.0690000e-01   2.1691911e+02
   8.0700000e-01   2.1691072e+02
   8.0710000e-01   2.1690440e+02
   8.0720000e-01   2.1689972e+02
   8.0730000e-01   2.1689638e+02
   8.0740000e-01   2.1689401e+02
   8.0750000e-01   2.1689235e+02
   8.0760000e-01   2.1689119e+02
   8.0770000e-01   2.1689038e+02
   8.0780000e-01   2.1689111e+02
   8.0790000e-01   2.1689299e+02
   8.0800000e-01   2.1689486e+02
   8.0810000e-01   2.1689672e+02
   8.0820000e-01   2.1689857e+02
   8.0830000e-01   2.1690041e+02
   8.0840000e-01   2.1690223e+02
   8.0850000e-01   2.1690405e+02
   8.0860000e-01   2.1690585e+02
   8.0870000e-01   2.1690764e+02
   8.0880000e-01   2.1690942e+02
   8.0890000e-01   2.1691119e+02
   8.0900000e-01   2.1691295e+02
   8.0910000e-01   2.1691469e+02
   8.0920000e-01   2.1691642e+02
   8.0930000e-01   2.1691813e+02
   8.0940000e-01   2.1691983e+02
   8.0950000e-01   2.1692152e+02
   8.0960000e-01   2.1692320e+02
   8.0970000e-01   2.1692486e+02
   8.0980000e-01   2.1692651e+02
   8.0990000e-01   2.1692435e+02
   8.1000000e-01   2.1690940e+02
   8.1010000e-01   2.1689940e+02
   8.1020000e-01   2.1689099e+02
   8.1030000e-01   2.1688927e+02
   8.1040000e-01   2.1688987e+02
   8.1050000e-01   2.1689110e+02
   8.1060000e-01   2.1689220e+02
   8.1070000e-01   2.1689300e+02
   8.1080000e-01   2.1689361e+02
   8.1090000e-01   2.1689404e+02
   8.1100000e-01   2.1689433e+02
   8.1110000e-01   2.1689452e+02
   8.1120000e-01   2.1689464e+02
   8.1130000e-01   2.1689440e+02
   8.1140000e-01   2.1689415e+02
   8.1150000e-01   2.1689412e+02
   8.1160000e-01   2.1689391e+02
   8.1170000e-01   2.1689367e+02
   8.1180000e-01   2.1689342e+02
   8.1190000e-01   2.1689319e+02
   8.1200000e-01   2.1689297e+02
   8.1210000e-01   2.1689277e+02
   8.1220000e-01   2.1689259e+02
   8.1230000e-01   2.1689242e+02
   8.1240000e-01   2.1689228e+02
   8.1250000e-01   2.1689215e+02
   8.1260000e-01   2.1689204e+02
   8.1270000e-01   2.1689194e+02
   8.1280000e-01   2.1689186e+02
   8.1290000e-01   2.1689179e+02
   8.1300000e-01   2.1689173e+02
   8.1310000e-01   2.1689147e+02
   8.1320000e-01   2.1689172e+02
   8.1330000e-01   2.1689180e+02
   8.1340000e-01   2.1689185e+02
   8.1350000e-01   2.1689187e+02
   8.1360000e-01   2.1689187e+02
   8.1370000e-01   2.1689186e+02
   8.1380000e-01   2.1689183e+02
   8.1390000e-01   2.1689181e+02
   8.1400000e-01   2.1689180e+02
   8.1410000e-01   2.1689179e+02
   8.1420000e-01   2.1689178e+02
   8.1430000e-01   2.1689177e+02
   8.1440000e-01   2.1689179e+02
   8.1450000e-01   2.1689210e+02
   8.1460000e-01   2.1689309e+02
   8.1470000e-01   2.1689404e+02
   8.1480000e-01   2.1689548e+02
   8.1490000e-01   2.1689726e+02
   8.1500000e-01   2.1689930e+02
   8.1510000e-01   2.1690155e+02
   8.1520000e-01   2.1690397e+02
   8.1530000e-01   2.1690656e+02
   8.1540000e-01   2.1690929e+02
   8.1550000e-01   2.1691215e+02
   8.1560000e-01   2.1691514e+02
   8.1570000e-01   2.1691826e+02
   8.1580000e-01   2.1692148e+02
   8.1590000e-01   2.1692482e+02
   8.1600000e-01   2.1692827e+02
   8.1610000e-01   2.1693181e+02
   8.1620000e-01   2.1693545e+02
   8.1630000e-01   2.1693918e+02
   8.1640000e-01   2.1694298e+02
   8.1650000e-01   2.1694500e+02
   8.1660000e-01   2.1694139e+02
   8.1670000e-01   2.1693181e+02
   8.1680000e-01   2.1692036e+02
   8.1690000e-01   2.1691033e+02
   8.1700000e-01   2.1690273e+02
   8.1710000e-01   2.1689701e+02
   8.1720000e-01   2.1689278e+02
   8.1730000e-01   2.1688976e+02
   8.1740000e-01   2.1688762e+02
   8.1750000e-01   2.1688612e+02
   8.1760000e-01   2.1688507e+02
   8.1770000e-01   2.1688434e+02
   8.1780000e-01   2.1688382e+02
   8.1790000e-01   2.1688346e+02
   8.1800000e-01   2.1688321e+02
   8.1810000e-01   2.1688303e+02
   8.1820000e-01   2.1688291e+02
   8.1830000e-01   2.1688282e+02
   8.1840000e-01   2.1688275e+02
   8.1850000e-01   2.1688270e+02
   8.1860000e-01   2.1688266e+02
   8.1870000e-01   2.1688263e+02
   8.1880000e-01   2.1688260e+02
   8.1890000e-01   2.1688258e+02
   8.1900000e-01   2.1688256e+02
   8.1910000e-01   2.1688254e+02
   8.1920000e-01   2.1688252e+02
   8.1930000e-01   2.1688250e+02
   8.1940000e-01   2.1688248e+02
   8.1950000e-01   2.1688246e+02
   8.1960000e-01   2.1688245e+02
   8.1970000e-01   2.1688243e+02
   8.1980000e-01   2.1688241e+02
   8.1990000e-01   2.1688239e+02
   8.2000000e-01   2.1688237e+02
   8.2010000e-01   2.1701615e+02
   8.2020000e-01   2.1694507e+02
   8.2030000e-01   2.1691571e+02
   8.2040000e-01   2.1690416e+02
   8.2050000e-01   2.1689809e+02
   8.2060000e-01   2.1689483e+02
   8.2070000e-01   2.1689301e+02
   8.2080000e-01   2.1689189e+02
   8.2090000e-01   2.1689119e+02
   8.2100000e-01   2.1689074e+02
   8.2110000e-01   2.1689043e+02
   8.2120000e-01   2.1689024e+02
   8.2130000e-01   2.1688982e+02
   8.2140000e-01   2.1688987e+02
   8.2150000e-01   2.1688928e+02
   8.2160000e-01   2.1688880e+02
   8.2170000e-01   2.1688838e+02
   8.2180000e-01   2.1688799e+02
   8.2190000e-01   2.1688764e+02
   8.2200000e-01   2.1688732e+02
   8.2210000e-01   2.1688703e+02
   8.2220000e-01   2.1688677e+02
   8.2230000e-01   2.1688649e+02
   8.2240000e-01   2.1688629e+02
   8.2250000e-01   2.1688611e+02
   8.2260000e-01   2.1688595e+02
   8.2270000e-01   2.1688582e+02
   8.2280000e-01   2.1688570e+02
   8.2290000e-01   2.1688559e+02
   8.2300000e-01   2.1688551e+02
   8.2310000e-01   2.1688534e+02
   8.2320000e-01   2.1688578e+02
   8.2330000e-01   2.1688583e+02
   8.2340000e-01   2.1688588e+02
   8.2350000e-01   2.1688590e+02
   8.2360000e-01   2.1688590e+02
   8.2370000e-01   2.1688588e+02
   8.2380000e-01   2.1688586e+02
   8.2390000e-01   2.1688583e+02
   8.2400000e-01   2.1688581e+02
   8.2410000e-01   2.1688579e+02
   8.2420000e-01   2.1688578e+02
   8.2430000e-01   2.1688577e+02
   8.2440000e-01   2.1688570e+02
   8.2450000e-01   2.1688519e+02
   8.2460000e-01   2.1688524e+02
   8.2470000e-01   2.1688500e+02
   8.2480000e-01   2.1688464e+02
   8.2490000e-01   2.1688418e+02
   8.2500000e-01   2.1688365e+02
   8.2510000e-01   2.1688307e+02
   8.2520000e-01   2.1688245e+02
   8.2530000e-01   2.1688179e+02
   8.2540000e-01   2.1688110e+02
   8.2550000e-01   2.1688037e+02
   8.2560000e-01   2.1687961e+02
   8.2570000e-01   2.1687882e+02
   8.2580000e-01   2.1687801e+02
   8.2590000e-01   2.1687718e+02
   8.2600000e-01   2.1687632e+02
   8.2610000e-01   2.1687544e+02
   8.2620000e-01   2.1687454e+02
   8.2630000e-01   2.1687363e+02
   8.2640000e-01   2.1687269e+02
   8.2650000e-01   2.1687175e+02
   8.2660000e-01   2.1687125e+02
   8.2670000e-01   2.1687171e+02
   8.2680000e-01   2.1687523e+02
   8.2690000e-01   2.1687858e+02
   8.2700000e-01   2.1688131e+02
   8.2710000e-01   2.1688336e+02
   8.2720000e-01   2.1688487e+02
   8.2730000e-01   2.1688595e+02
   8.2740000e-01   2.1688671e+02
   8.2750000e-01   2.1688724e+02
   8.2760000e-01   2.1688761e+02
   8.2770000e-01   2.1688787e+02
   8.2780000e-01   2.1688870e+02
   8.2790000e-01   2.1689050e+02
   8.2800000e-01   2.1689229e+02
   8.2810000e-01   2.1689407e+02
   8.2820000e-01   2.1689583e+02
   8.2830000e-01   2.1689759e+02
   8.2840000e-01   2.1689934e+02
   8.2850000e-01   2.1690107e+02
   8.2860000e-01   2.1690280e+02
   8.2870000e-01   2.1690451e+02
   8.2880000e-01   2.1690621e+02
   8.2890000e-01   2.1690790e+02
   8.2900000e-01   2.1690958e+02
   8.2910000e-01   2.1691124e+02
   8.2920000e-01   2.1691290e+02
   8.2930000e-01   2.1691450e+02
   8.2940000e-01   2.1691606e+02
   8.2950000e-01   2.1691756e+02
   8.2960000e-01   2.1691905e+02
   8.2970000e-01   2.1692054e+02
   8.2980000e-01   2.1692204e+02
   8.2990000e-01   2.1691654e+02
   8.3000000e-01   2.1690699e+02
   8.3010000e-01   2.1710335e+02
   8.3020000e-01   2.1702198e+02
   8.3030000e-01   2.1697953e+02
   8.3040000e-01   2.1695605e+02
   8.3050000e-01   2.1694241e+02
   8.3060000e-01   2.1693420e+02
   8.3070000e-01   2.1692918e+02
   8.3080000e-01   2.1692598e+02
   8.3090000e-01   2.1692391e+02
   8.3100000e-01   2.1692257e+02
   8.3110000e-01   2.1692169e+02
   8.3120000e-01   2.1692117e+02
   8.3130000e-01   2.1692077e+02
   8.3140000e-01   2.1692052e+02
   8.3150000e-01   2.1692002e+02
   8.3160000e-01   2.1691971e+02
   8.3170000e-01   2.1691943e+02
   8.3180000e-01   2.1691918e+02
   8.3190000e-01   2.1691894e+02
   8.3200000e-01   2.1691871e+02
   8.3210000e-01   2.1691849e+02
   8.3220000e-01   2.1691828e+02
   8.3230000e-01   2.1691808e+02
   8.3240000e-01   2.1691789e+02
   8.3250000e-01   2.1691772e+02
   8.3260000e-01   2.1691755e+02
   8.3270000e-01   2.1691741e+02
   8.3280000e-01   2.1691727e+02
   8.3290000e-01   2.1691716e+02
   8.3300000e-01   2.1691706e+02
   8.3310000e-01   2.1691698e+02
   8.3320000e-01   2.1691706e+02
   8.3330000e-01   2.1691720e+02
   8.3340000e-01   2.1691728e+02
   8.3350000e-01   2.1691731e+02
   8.3360000e-01   2.1691731e+02
   8.3370000e-01   2.1691729e+02
   8.3380000e-01   2.1691726e+02
   8.3390000e-01   2.1691723e+02
   8.3400000e-01   2.1691719e+02
   8.3410000e-01   2.1691716e+02
   8.3420000e-01   2.1691712e+02
   8.3430000e-01   2.1691709e+02
   8.3440000e-01   2.1691704e+02
   8.3450000e-01   2.1691669e+02
   8.3460000e-01   2.1691567e+02
   8.3470000e-01   2.1691455e+02
   8.3480000e-01   2.1691293e+02
   8.3490000e-01   2.1691094e+02
   8.3500000e-01   2.1690865e+02
   8.3510000e-01   2.1690614e+02
   8.3520000e-01   2.1690342e+02
   8.3530000e-01   2.1690053e+02
   8.3540000e-01   2.1689748e+02
   8.3550000e-01   2.1689428e+02
   8.3560000e-01   2.1689093e+02
   8.3570000e-01   2.1688745e+02
   8.3580000e-01   2.1688385e+02
   8.3590000e-01   2.1688012e+02
   8.3600000e-01   2.1687628e+02
   8.3610000e-01   2.1687233e+02
   8.3620000e-01   2.1686828e+02
   8.3630000e-01   2.1686414e+02
   8.3640000e-01   2.1686009e+02
   8.3650000e-01   2.1685775e+02
   8.3660000e-01   2.1686237e+02
   8.3670000e-01   2.1687349e+02
   8.3680000e-01   2.1688595e+02
   8.3690000e-01   2.1689670e+02
   8.3700000e-01   2.1690479e+02
   8.3710000e-01   2.1691084e+02
   8.3720000e-01   2.1691529e+02
   8.3730000e-01   2.1691845e+02
   8.3740000e-01   2.1692067e+02
   8.3750000e-01   2.1692222e+02
   8.3760000e-01   2.1692330e+02
   8.3770000e-01   2.1692403e+02
   8.3780000e-01   2.1692454e+02
   8.3790000e-01   2.1692027e+02
   8.3800000e-01   2.1690247e+02
   8.3810000e-01   2.1687347e+02
   8.3820000e-01   2.1683542e+02
   8.3830000e-01   2.1679051e+02
   8.3840000e-01   2.1674091e+02
   8.3850000e-01   2.1668884e+02
   8.3860000e-01   2.1663648e+02
   8.3870000e-01   2.1658600e+02
   8.3880000e-01   2.1653956e+02
   8.3890000e-01   2.1649932e+02
   8.3900000e-01   2.1646731e+02
   8.3910000e-01   2.1644563e+02
   8.3920000e-01   2.1643621e+02
   8.3930000e-01   2.1644094e+02
   8.3940000e-01   2.1646161e+02
   8.3950000e-01   2.1649993e+02
   8.3960000e-01   2.1655751e+02
   8.3970000e-01   2.1663584e+02
   8.3980000e-01   2.1671425e+02
   8.3990000e-01   2.1675799e+02
   8.4000000e-01   2.1678284e+02
   8.4010000e-01   2.1663092e+02
   8.4020000e-01   2.1672882e+02
   8.4030000e-01   2.1677342e+02
   8.4040000e-01   2.1679399e+02
   8.4050000e-01   2.1680392e+02
   8.4060000e-01   2.1680900e+02
   8.4070000e-01   2.1681175e+02
   8.4080000e-01   2.1681332e+02
   8.4090000e-01   2.1681427e+02
   8.4100000e-01   2.1681487e+02
   8.4110000e-01   2.1681526e+02
   8.4120000e-01   2.1681560e+02
   8.4130000e-01   2.1681548e+02
   8.4140000e-01   2.1681499e+02
   8.4150000e-01   2.1681501e+02
   8.4160000e-01   2.1681485e+02
   8.4170000e-01   2.1681461e+02
   8.4180000e-01   2.1681435e+02
   8.4190000e-01   2.1681407e+02
   8.4200000e-01   2.1681380e+02
   8.4210000e-01   2.1681353e+02
   8.4220000e-01   2.1681319e+02
   8.4230000e-01   2.1681314e+02
   8.4240000e-01   2.1681298e+02
   8.4250000e-01   2.1681274e+02
   8.4260000e-01   2.1681253e+02
   8.4270000e-01   2.1681235e+02
   8.4280000e-01   2.1681219e+02
   8.4290000e-01   2.1681205e+02
   8.4300000e-01   2.1681205e+02
   8.4310000e-01   2.1681203e+02
   8.4320000e-01   2.1681202e+02
   8.4330000e-01   2.1681216e+02
   8.4340000e-01   2.1681226e+02
   8.4350000e-01   2.1681230e+02
   8.4360000e-01   2.1681230e+02
   8.4370000e-01   2.1681227e+02
   8.4380000e-01   2.1681225e+02
   8.4390000e-01   2.1681222e+02
   8.4400000e-01   2.1681219e+02
   8.4410000e-01   2.1681217e+02
   8.4420000e-01   2.1681215e+02
   8.4430000e-01   2.1681214e+02
   8.4440000e-01   2.1681213e+02
   8.4450000e-01   2.1681219e+02
   8.4460000e-01   2.1681202e+02
   8.4470000e-01   2.1681184e+02
   8.4480000e-01   2.1681164e+02
   8.4490000e-01   2.1681142e+02
   8.4500000e-01   2.1681119e+02
   8.4510000e-01   2.1681094e+02
   8.4520000e-01   2.1681067e+02
   8.4530000e-01   2.1681039e+02
   8.4540000e-01   2.1681010e+02
   8.4550000e-01   2.1680979e+02
   8.4560000e-01   2.1680947e+02
   8.4570000e-01   2.1680913e+02
   8.4580000e-01   2.1680879e+02
   8.4590000e-01   2.1680843e+02
   8.4600000e-01   2.1680807e+02
   8.4610000e-01   2.1680769e+02
   8.4620000e-01   2.1680731e+02
   8.4630000e-01   2.1680691e+02
   8.4640000e-01   2.1680652e+02
   8.4650000e-01   2.1680611e+02
   8.4660000e-01   2.1680535e+02
   8.4670000e-01   2.1680605e+02
   8.4680000e-01   2.1680744e+02
   8.4690000e-01   2.1680897e+02
   8.4700000e-01   2.1681018e+02
   8.4710000e-01   2.1681114e+02
   8.4720000e-01   2.1681186e+02
   8.4730000e-01   2.1681240e+02
   8.4740000e-01   2.1681279e+02
   8.4750000e-01   2.1681308e+02
   8.4760000e-01   2.1681330e+02
   8.4770000e-01   2.1681346e+02
   8.4780000e-01   2.1681406e+02
   8.4790000e-01   2.1681575e+02
   8.4800000e-01   2.1681743e+02
   8.4810000e-01   2.1681911e+02
   8.4820000e-01   2.1682078e+02
   8.4830000e-01   2.1682247e+02
   8.4840000e-01   2.1682417e+02
   8.4850000e-01   2.1682590e+02
   8.4860000e-01   2.1682767e+02
   8.4870000e-01   2.1682948e+02
   8.4880000e-01   2.1683135e+02
   8.4890000e-01   2.1683328e+02
   8.4900000e-01   2.1683528e+02
   8.4910000e-01   2.1683736e+02
   8.4920000e-01   2.1683951e+02
   8.4930000e-01   2.1684177e+02
   8.4940000e-01   2.1684415e+02
   8.4950000e-01   2.1684664e+02
   8.4960000e-01   2.1684919e+02
   8.4970000e-01   2.1685179e+02
   8.4980000e-01   2.1685439e+02
   8.4990000e-01   2.1684706e+02
   8.5000000e-01   2.1683643e+02
   8.5010000e-01   2.1651927e+02
   8.5020000e-01   2.1666125e+02
   8.5030000e-01   2.1672681e+02
   8.5040000e-01   2.1675786e+02
   8.5050000e-01   2.1677319e+02
   8.5060000e-01   2.1678122e+02
   8.5070000e-01   2.1678563e+02
   8.5080000e-01   2.1678817e+02
   8.5090000e-01   2.1678969e+02
   8.5100000e-01   2.1679062e+02
   8.5110000e-01   2.1679121e+02
   8.5120000e-01   2.1679160e+02
   8.5130000e-01   2.1679178e+02
   8.5140000e-01   2.1679190e+02
   8.5150000e-01   2.1679197e+02
   8.5160000e-01   2.1679201e+02
   8.5170000e-01   2.1679202e+02
   8.5180000e-01   2.1679202e+02
   8.5190000e-01   2.1679201e+02
   8.5200000e-01   2.1679200e+02
   8.5210000e-01   2.1679198e+02
   8.5220000e-01   2.1679195e+02
   8.5230000e-01   2.1679192e+02
   8.5240000e-01   2.1679188e+02
   8.5250000e-01   2.1679184e+02
   8.5260000e-01   2.1679179e+02
   8.5270000e-01   2.1679174e+02
   8.5280000e-01   2.1679170e+02
   8.5290000e-01   2.1679165e+02
   8.5300000e-01   2.1679161e+02
   8.5310000e-01   2.1679174e+02
   8.5320000e-01   2.1679162e+02
   8.5330000e-01   2.1679160e+02
   8.5340000e-01   2.1679160e+02
   8.5350000e-01   2.1679161e+02
   8.5360000e-01   2.1679161e+02
   8.5370000e-01   2.1679160e+02
   8.5380000e-01   2.1679160e+02
   8.5390000e-01   2.1679160e+02
   8.5400000e-01   2.1679160e+02
   8.5410000e-01   2.1679159e+02
   8.5420000e-01   2.1679159e+02
   8.5430000e-01   2.1679160e+02
   8.5440000e-01   2.1679160e+02
   8.5450000e-01   2.1679169e+02
   8.5460000e-01   2.1679245e+02
   8.5470000e-01   2.1679309e+02
   8.5480000e-01   2.1679411e+02
   8.5490000e-01   2.1679543e+02
   8.5500000e-01   2.1679695e+02
   8.5510000e-01   2.1679864e+02
   8.5520000e-01   2.1680047e+02
   8.5530000e-01   2.1680243e+02
   8.5540000e-01   2.1680450e+02
   8.5550000e-01   2.1680668e+02
   8.5560000e-01   2.1680895e+02
   8.5570000e-01   2.1681133e+02
   8.5580000e-01   2.1681379e+02
   8.5590000e-01   2.1681634e+02
   8.5600000e-01   2.1681897e+02
   8.5610000e-01   2.1682168e+02
   8.5620000e-01   2.1682447e+02
   8.5630000e-01   2.1682733e+02
   8.5640000e-01   2.1683006e+02
   8.5650000e-01   2.1683108e+02
   8.5660000e-01   2.1682704e+02
   8.5670000e-01   2.1681816e+02
   8.5680000e-01   2.1681023e+02
   8.5690000e-01   2.1680317e+02
   8.5700000e-01   2.1679805e+02
   8.5710000e-01   2.1679426e+02
   8.5720000e-01   2.1679147e+02
   8.5730000e-01   2.1678949e+02
   8.5740000e-01   2.1678810e+02
   8.5750000e-01   2.1678712e+02
   8.5760000e-01   2.1678644e+02
   8.5770000e-01   2.1678597e+02
   8.5780000e-01   2.1678564e+02
   8.5790000e-01   2.1678917e+02
   8.5800000e-01   2.1679510e+02
   8.5810000e-01   2.1680098e+02
   8.5820000e-01   2.1680680e+02
   8.5830000e-01   2.1681256e+02
   8.5840000e-01   2.1681826e+02
   8.5850000e-01   2.1682388e+02
   8.5860000e-01   2.1682942e+02
   8.5870000e-01   2.1683488e+02
   8.5880000e-01   2.1684025e+02
   8.5890000e-01   2.1684553e+02
   8.5900000e-01   2.1685071e+02
   8.5910000e-01   2.1685579e+02
   8.5920000e-01   2.1686077e+02
   8.5930000e-01   2.1686564e+02
   8.5940000e-01   2.1687039e+02
   8.5950000e-01   2.1687503e+02
   8.5960000e-01   2.1687955e+02
   8.5970000e-01   2.1688130e+02
   8.5980000e-01   2.1684840e+02
   8.5990000e-01   2.1683001e+02
   8.6000000e-01   2.1681999e+02
   8.6010000e-01   2.1723572e+02
   8.6020000e-01   2.1702628e+02
   8.6030000e-01   2.1692952e+02
   8.6040000e-01   2.1688401e+02
   8.6050000e-01   2.1686340e+02
   8.6060000e-01   2.1685388e+02
   8.6070000e-01   2.1684926e+02
   8.6080000e-01   2.1684688e+02
   8.6090000e-01   2.1684563e+02
   8.6100000e-01   2.1684494e+02
   8.6110000e-01   2.1684454e+02
   8.6120000e-01   2.1684434e+02
   8.6130000e-01   2.1684414e+02
   8.6140000e-01   2.1684397e+02
   8.6150000e-01   2.1684383e+02
   8.6160000e-01   2.1684457e+02
   8.6170000e-01   2.1684402e+02
   8.6180000e-01   2.1684350e+02
   8.6190000e-01   2.1684357e+02
   8.6200000e-01   2.1684356e+02
   8.6210000e-01   2.1684347e+02
   8.6220000e-01   2.1684348e+02
   8.6230000e-01   2.1684322e+02
   8.6240000e-01   2.1684311e+02
   8.6250000e-01   2.1684310e+02
   8.6260000e-01   2.1684308e+02
   8.6270000e-01   2.1684306e+02
   8.6280000e-01   2.1684304e+02
   8.6290000e-01   2.1684302e+02
   8.6300000e-01   2.1684260e+02
   8.6310000e-01   2.1684288e+02
   8.6320000e-01   2.1684301e+02
   8.6330000e-01   2.1684307e+02
   8.6340000e-01   2.1684309e+02
   8.6350000e-01   2.1684310e+02
   8.6360000e-01   2.1684310e+02
   8.6370000e-01   2.1684309e+02
   8.6380000e-01   2.1684307e+02
   8.6390000e-01   2.1684305e+02
   8.6400000e-01   2.1684303e+02
   8.6410000e-01   2.1684301e+02
   8.6420000e-01   2.1684298e+02
   8.6430000e-01   2.1684295e+02
   8.6440000e-01   2.1684292e+02
   8.6450000e-01   2.1684311e+02
   8.6460000e-01   2.1684271e+02
   8.6470000e-01   2.1684230e+02
   8.6480000e-01   2.1684187e+02
   8.6490000e-01   2.1684140e+02
   8.6500000e-01   2.1684089e+02
   8.6510000e-01   2.1684035e+02
   8.6520000e-01   2.1683976e+02
   8.6530000e-01   2.1683915e+02
   8.6540000e-01   2.1683851e+02
   8.6550000e-01   2.1683783e+02
   8.6560000e-01   2.1683714e+02
   8.6570000e-01   2.1683641e+02
   8.6580000e-01   2.1683567e+02
   8.6590000e-01   2.1683490e+02
   8.6600000e-01   2.1683411e+02
   8.6610000e-01   2.1683330e+02
   8.6620000e-01   2.1683248e+02
   8.6630000e-01   2.1683165e+02
   8.6640000e-01   2.1683080e+02
   8.6650000e-01   2.1682994e+02
   8.6660000e-01   2.1683060e+02
   8.6670000e-01   2.1683318e+02
   8.6680000e-01   2.1683554e+02
   8.6690000e-01   2.1683746e+02
   8.6700000e-01   2.1683904e+02
   8.6710000e-01   2.1684018e+02
   8.6720000e-01   2.1684100e+02
   8.6730000e-01   2.1684156e+02
   8.6740000e-01   2.1684193e+02
   8.6750000e-01   2.1684217e+02
   8.6760000e-01   2.1684231e+02
   8.6770000e-01   2.1684238e+02
   8.6780000e-01   2.1684238e+02
   8.6790000e-01   2.1684225e+02
   8.6800000e-01   2.1684212e+02
   8.6810000e-01   2.1684199e+02
   8.6820000e-01   2.1684186e+02
   8.6830000e-01   2.1684170e+02
   8.6840000e-01   2.1684152e+02
   8.6850000e-01   2.1684129e+02
   8.6860000e-01   2.1684102e+02
   8.6870000e-01   2.1684070e+02
   8.6880000e-01   2.1684031e+02
   8.6890000e-01   2.1683984e+02
   8.6900000e-01   2.1683930e+02
   8.6910000e-01   2.1683868e+02
   8.6920000e-01   2.1683796e+02
   8.6930000e-01   2.1683716e+02
   8.6940000e-01   2.1683627e+02
   8.6950000e-01   2.1683529e+02
   8.6960000e-01   2.1683425e+02
   8.6970000e-01   2.1683313e+02
   8.6980000e-01   2.1683197e+02
   8.6990000e-01   2.1683410e+02
   8.7000000e-01   2.1683648e+02
   8.7010000e-01   2.1695966e+02
   8.7020000e-01   2.1690857e+02
   8.7030000e-01   2.1688265e+02
   8.7040000e-01   2.1686954e+02
   8.7050000e-01   2.1686248e+02
   8.7060000e-01   2.1685846e+02
   8.7070000e-01   2.1685605e+02
   8.7080000e-01   2.1685456e+02
   8.7090000e-01   2.1685362e+02
   8.7100000e-01   2.1685301e+02
   8.7110000e-01   2.1685262e+02
   8.7120000e-01   2.1685246e+02
   8.7130000e-01   2.1685202e+02
   8.7140000e-01   2.1685220e+02
   8.7150000e-01   2.1685220e+02
   8.7160000e-01   2.1685129e+02
   8.7170000e-01   2.1685086e+02
   8.7180000e-01   2.1685038e+02
   8.7190000e-01   2.1684993e+02
   8.7200000e-01   2.1684955e+02
   8.7210000e-01   2.1684923e+02
   8.7220000e-01   2.1684895e+02
   8.7230000e-01   2.1684871e+02
   8.7240000e-01   2.1684850e+02
   8.7250000e-01   2.1684832e+02
   8.7260000e-01   2.1684816e+02
   8.7270000e-01   2.1684804e+02
   8.7280000e-01   2.1684793e+02
   8.7290000e-01   2.1684785e+02
   8.7300000e-01   2.1684752e+02
   8.7310000e-01   2.1684763e+02
   8.7320000e-01   2.1684779e+02
   8.7330000e-01   2.1684796e+02
   8.7340000e-01   2.1684806e+02
   8.7350000e-01   2.1684809e+02
   8.7360000e-01   2.1684809e+02
   8.7370000e-01   2.1684807e+02
   8.7380000e-01   2.1684804e+02
   8.7390000e-01   2.1684800e+02
   8.7400000e-01   2.1684797e+02
   8.7410000e-01   2.1684794e+02
   8.7420000e-01   2.1684791e+02
   8.7430000e-01   2.1684788e+02
   8.7440000e-01   2.1684785e+02
   8.7450000e-01   2.1684790e+02
   8.7460000e-01   2.1684766e+02
   8.7470000e-01   2.1684734e+02
   8.7480000e-01   2.1684697e+02
   8.7490000e-01   2.1684656e+02
   8.7500000e-01   2.1684610e+02
   8.7510000e-01   2.1684561e+02
   8.7520000e-01   2.1684508e+02
   8.7530000e-01   2.1684452e+02
   8.7540000e-01   2.1684393e+02
   8.7550000e-01   2.1684332e+02
   8.7560000e-01   2.1684268e+02
   8.7570000e-01   2.1684201e+02
   8.7580000e-01   2.1684133e+02
   8.7590000e-01   2.1684063e+02
   8.7600000e-01   2.1683990e+02
   8.7610000e-01   2.1683916e+02
   8.7620000e-01   2.1683841e+02
   8.7630000e-01   2.1683764e+02
   8.7640000e-01   2.1683686e+02
   8.7650000e-01   2.1683606e+02
   8.7660000e-01   2.1683550e+02
   8.7670000e-01   2.1683801e+02
   8.7680000e-01   2.1683988e+02
   8.7690000e-01   2.1684232e+02
   8.7700000e-01   2.1684405e+02
   8.7710000e-01   2.1684534e+02
   8.7720000e-01   2.1684627e+02
   8.7730000e-01   2.1684693e+02
   8.7740000e-01   2.1684738e+02
   8.7750000e-01   2.1684769e+02
   8.7760000e-01   2.1684789e+02
   8.7770000e-01   2.1684802e+02
   8.7780000e-01   2.1684806e+02
   8.7790000e-01   2.1683944e+02
   8.7800000e-01   2.1682864e+02
   8.7810000e-01   2.1681788e+02
   8.7820000e-01   2.1680711e+02
   8.7830000e-01   2.1679631e+02
   8.7840000e-01   2.1678545e+02
   8.7850000e-01   2.1677448e+02
   8.7860000e-01   2.1676338e+02
   8.7870000e-01   2.1675212e+02
   8.7880000e-01   2.1674067e+02
   8.7890000e-01   2.1672902e+02
   8.7900000e-01   2.1671716e+02
   8.7910000e-01   2.1670509e+02
   8.7920000e-01   2.1669282e+02
   8.7930000e-01   2.1668037e+02
   8.7940000e-01   2.1666779e+02
   8.7950000e-01   2.1665512e+02
   8.7960000e-01   2.1664244e+02
   8.7970000e-01   2.1663248e+02
   8.7980000e-01   2.1667929e+02
   8.7990000e-01   2.1673554e+02
   8.8000000e-01   2.1676378e+02
   8.8010000e-01   2.1705474e+02
   8.8020000e-01   2.1693262e+02
   8.8030000e-01   2.1688364e+02
   8.8040000e-01   2.1686697e+02
   8.8050000e-01   2.1686125e+02
   8.8060000e-01   2.1685963e+02
   8.8070000e-01   2.1685960e+02
   8.8080000e-01   2.1686007e+02
   8.8090000e-01   2.1686057e+02
   8.8100000e-01   2.1686097e+02
   8.8110000e-01   2.1686127e+02
   8.8120000e-01   2.1686153e+02
   8.8130000e-01   2.1686163e+02
   8.8140000e-01   2.1686164e+02
   8.8150000e-01   2.1686170e+02
   8.8160000e-01   2.1686049e+02
   8.8170000e-01   2.1686069e+02
   8.8180000e-01   2.1686090e+02
   8.8190000e-01   2.1686056e+02
   8.8200000e-01   2.1686031e+02
   8.8210000e-01   2.1686018e+02
   8.8220000e-01   2.1686004e+02
   8.8230000e-01   2.1685992e+02
   8.8240000e-01   2.1685980e+02
   8.8250000e-01   2.1685968e+02
   8.8260000e-01   2.1685958e+02
   8.8270000e-01   2.1685949e+02
   8.8280000e-01   2.1685941e+02
   8.8290000e-01   2.1685935e+02
   8.8300000e-01   2.1685901e+02
   8.8310000e-01   2.1685864e+02
   8.8320000e-01   2.1685898e+02
   8.8330000e-01   2.1685913e+02
   8.8340000e-01   2.1685921e+02
   8.8350000e-01   2.1685923e+02
   8.8360000e-01   2.1685924e+02
   8.8370000e-01   2.1685922e+02
   8.8380000e-01   2.1685922e+02
   8.8390000e-01   2.1685922e+02
   8.8400000e-01   2.1685922e+02
   8.8410000e-01   2.1685922e+02
   8.8420000e-01   2.1685923e+02
   8.8430000e-01   2.1685925e+02
   8.8440000e-01   2.1685927e+02
   8.8450000e-01   2.1685917e+02
   8.8460000e-01   2.1685880e+02
   8.8470000e-01   2.1685808e+02
   8.8480000e-01   2.1685704e+02
   8.8490000e-01   2.1685576e+02
   8.8500000e-01   2.1685429e+02
   8.8510000e-01   2.1685267e+02
   8.8520000e-01   2.1685091e+02
   8.8530000e-01   2.1684903e+02
   8.8540000e-01   2.1684705e+02
   8.8550000e-01   2.1684496e+02
   8.8560000e-01   2.1684277e+02
   8.8570000e-01   2.1684050e+02
   8.8580000e-01   2.1683814e+02
   8.8590000e-01   2.1683569e+02
   8.8600000e-01   2.1683316e+02
   8.8610000e-01   2.1683056e+02
   8.8620000e-01   2.1682788e+02
   8.8630000e-01   2.1682513e+02
   8.8640000e-01   2.1682243e+02
   8.8650000e-01   2.1682220e+02
   8.8660000e-01   2.1682816e+02
   8.8670000e-01   2.1683689e+02
   8.8680000e-01   2.1684495e+02
   8.8690000e-01   2.1685128e+02
   8.8700000e-01   2.1685601e+02
   8.8710000e-01   2.1685953e+02
   8.8720000e-01   2.1686214e+02
   8.8730000e-01   2.1686402e+02
   8.8740000e-01   2.1686536e+02
   8.8750000e-01   2.1686633e+02
   8.8760000e-01   2.1686704e+02
   8.8770000e-01   2.1686756e+02
   8.8780000e-01   2.1686822e+02
   8.8790000e-01   2.1686983e+02
   8.8800000e-01   2.1687144e+02
   8.8810000e-01   2.1687304e+02
   8.8820000e-01   2.1687463e+02
   8.8830000e-01   2.1687621e+02
   8.8840000e-01   2.1687778e+02
   8.8850000e-01   2.1687934e+02
   8.8860000e-01   2.1688089e+02
   8.8870000e-01   2.1688244e+02
   8.8880000e-01   2.1688397e+02
   8.8890000e-01   2.1688549e+02
   8.8900000e-01   2.1688701e+02
   8.8910000e-01   2.1688851e+02
   8.8920000e-01   2.1689000e+02
   8.8930000e-01   2.1689148e+02
   8.8940000e-01   2.1689295e+02
   8.8950000e-01   2.1689441e+02
   8.8960000e-01   2.1689585e+02
   8.8970000e-01   2.1689729e+02
   8.8980000e-01   2.1689871e+02
   8.8990000e-01   2.1689333e+02
   8.9000000e-01   2.1688603e+02
   8.9010000e-01   2.1687521e+02
   8.9020000e-01   2.1686447e+02
   8.9030000e-01   2.1686247e+02
   8.9040000e-01   2.1686261e+02
   8.9050000e-01   2.1686461e+02
   8.9060000e-01   2.1686669e+02
   8.9070000e-01   2.1686834e+02
   8.9080000e-01   2.1686960e+02
   8.9090000e-01   2.1687051e+02
   8.9100000e-01   2.1687114e+02
   8.9110000e-01   2.1687157e+02
   8.9120000e-01   2.1687186e+02
   8.9130000e-01   2.1687258e+02
   8.9140000e-01   2.1687152e+02
   8.9150000e-01   2.1687091e+02
   8.9160000e-01   2.1687122e+02
   8.9170000e-01   2.1687106e+02
   8.9180000e-01   2.1687095e+02
   8.9190000e-01   2.1687085e+02
   8.9200000e-01   2.1687070e+02
   8.9210000e-01   2.1687053e+02
   8.9220000e-01   2.1687035e+02
   8.9230000e-01   2.1687018e+02
   8.9240000e-01   2.1687002e+02
   8.9250000e-01   2.1686987e+02
   8.9260000e-01   2.1686972e+02
   8.9270000e-01   2.1686959e+02
   8.9280000e-01   2.1686947e+02
   8.9290000e-01   2.1686928e+02
   8.9300000e-01   2.1686949e+02
   8.9310000e-01   2.1686928e+02
   8.9320000e-01   2.1686943e+02
   8.9330000e-01   2.1686949e+02
   8.9340000e-01   2.1686953e+02
   8.9350000e-01   2.1686955e+02
   8.9360000e-01   2.1686954e+02
   8.9370000e-01   2.1686953e+02
   8.9380000e-01   2.1686951e+02
   8.9390000e-01   2.1686949e+02
   8.9400000e-01   2.1686948e+02
   8.9410000e-01   2.1686947e+02
   8.9420000e-01   2.1686946e+02
   8.9430000e-01   2.1686945e+02
   8.9440000e-01   2.1686945e+02
   8.9450000e-01   2.1686929e+02
   8.9460000e-01   2.1686892e+02
   8.9470000e-01   2.1686772e+02
   8.9480000e-01   2.1686537e+02
   8.9490000e-01   2.1686173e+02
   8.9500000e-01   2.1685674e+02
   8.9510000e-01   2.1685047e+02
   8.9520000e-01   2.1684304e+02
   8.9530000e-01   2.1683466e+02
   8.9540000e-01   2.1682560e+02
   8.9550000e-01   2.1681619e+02
   8.9560000e-01   2.1680679e+02
   8.9570000e-01   2.1679785e+02
   8.9580000e-01   2.1678982e+02
   8.9590000e-01   2.1678321e+02
   8.9600000e-01   2.1677856e+02
   8.9610000e-01   2.1677643e+02
   8.9620000e-01   2.1677743e+02
   8.9630000e-01   2.1678217e+02
   8.9640000e-01   2.1679127e+02
   8.9650000e-01   2.1680538e+02
   8.9660000e-01   2.1682298e+02
   8.9670000e-01   2.1683983e+02
   8.9680000e-01   2.1685389e+02
   8.9690000e-01   2.1686440e+02
   8.9700000e-01   2.1687207e+02
   8.9710000e-01   2.1687764e+02
   8.9720000e-01   2.1688162e+02
   8.9730000e-01   2.1688446e+02
   8.9740000e-01   2.1688648e+02
   8.9750000e-01   2.1688791e+02
   8.9760000e-01   2.1688894e+02
   8.9770000e-01   2.1688968e+02
   8.9780000e-01   2.1689022e+02
   8.9790000e-01   2.1689070e+02
   8.9800000e-01   2.1689116e+02
   8.9810000e-01   2.1689163e+02
   8.9820000e-01   2.1689209e+02
   8.9830000e-01   2.1689252e+02
   8.9840000e-01   2.1689293e+02
   8.9850000e-01   2.1689330e+02
   8.9860000e-01   2.1689362e+02
   8.9870000e-01   2.1689389e+02
   8.9880000e-01   2.1689409e+02
   8.9890000e-01   2.1689421e+02
   8.9900000e-01   2.1689426e+02
   8.9910000e-01   2.1689423e+02
   8.9920000e-01   2.1689411e+02
   8.9930000e-01   2.1689390e+02
   8.9940000e-01   2.1689361e+02
   8.9950000e-01   2.1689323e+02
   8.9960000e-01   2.1689279e+02
   8.9970000e-01   2.1689228e+02
   8.9980000e-01   2.1689172e+02
   8.9990000e-01   2.1689207e+02
   9.0000000e-01   2.1689249e+02
   9.0010000e-01   2.1632672e+02
   9.0020000e-01   2.1661338e+02
   9.0030000e-01   2.1673461e+02
   9.0040000e-01   2.1678356e+02
   9.0050000e-01   2.1680233e+02
   9.0060000e-01   2.1680893e+02
   9.0070000e-01   2.1681076e+02
   9.0080000e-01   2.1681087e+02
   9.0090000e-01   2.1681047e+02
   9.0100000e-01   2.1680999e+02
   9.0110000e-01   2.1680959e+02
   9.0120000e-01   2.1680927e+02
   9.0130000e-01   2.1680942e+02
   9.0140000e-01   2.1680884e+02
   9.0150000e-01   2.1680839e+02
   9.0160000e-01   2.1680838e+02
   9.0170000e-01   2.1680830e+02
   9.0180000e-01   2.1680818e+02
   9.0190000e-01   2.1680805e+02
   9.0200000e-01   2.1680792e+02
   9.0210000e-01   2.1680760e+02
   9.0220000e-01   2.1680803e+02
   9.0230000e-01   2.1680771e+02
   9.0240000e-01   2.1680752e+02
   9.0250000e-01   2.1680737e+02
   9.0260000e-01   2.1680724e+02
   9.0270000e-01   2.1680712e+02
   9.0280000e-01   2.1680702e+02
   9.0290000e-01   2.1680694e+02
   9.0300000e-01   2.1680722e+02
   9.0310000e-01   2.1680753e+02
   9.0320000e-01   2.1680732e+02
   9.0330000e-01   2.1680728e+02
   9.0340000e-01   2.1680728e+02
   9.0350000e-01   2.1680729e+02
   9.0360000e-01   2.1680728e+02
   9.0370000e-01   2.1680728e+02
   9.0380000e-01   2.1680726e+02
   9.0390000e-01   2.1680725e+02
   9.0400000e-01   2.1680723e+02
   9.0410000e-01   2.1680722e+02
   9.0420000e-01   2.1680721e+02
   9.0430000e-01   2.1680721e+02
   9.0440000e-01   2.1680720e+02
   9.0450000e-01   2.1680719e+02
   9.0460000e-01   2.1680732e+02
   9.0470000e-01   2.1680713e+02
   9.0480000e-01   2.1680694e+02
   9.0490000e-01   2.1680673e+02
   9.0500000e-01   2.1680652e+02
   9.0510000e-01   2.1680629e+02
   9.0520000e-01   2.1680604e+02
   9.0530000e-01   2.1680578e+02
   9.0540000e-01   2.1680551e+02
   9.0550000e-01   2.1680522e+02
   9.0560000e-01   2.1680492e+02
   9.0570000e-01   2.1680461e+02
   9.0580000e-01   2.1680429e+02
   9.0590000e-01   2.1680396e+02
   9.0600000e-01   2.1680362e+02
   9.0610000e-01   2.1680328e+02
   9.0620000e-01   2.1680293e+02
   9.0630000e-01   2.1680257e+02
   9.0640000e-01   2.1680410e+02
   9.0650000e-01   2.1680441e+02
   9.0660000e-01   2.1680498e+02
   9.0670000e-01   2.1680565e+02
   9.0680000e-01   2.1680623e+02
   9.0690000e-01   2.1680670e+02
   9.0700000e-01   2.1680699e+02
   9.0710000e-01   2.1680731e+02
   9.0720000e-01   2.1680747e+02
   9.0730000e-01   2.1680759e+02
   9.0740000e-01   2.1680767e+02
   9.0750000e-01   2.1680773e+02
   9.0760000e-01   2.1680777e+02
   9.0770000e-01   2.1680780e+02
   9.0780000e-01   2.1680805e+02
   9.0790000e-01   2.1681114e+02
   9.0800000e-01   2.1681422e+02
   9.0810000e-01   2.1681728e+02
   9.0820000e-01   2.1682033e+02
   9.0830000e-01   2.1682336e+02
   9.0840000e-01   2.1682637e+02
   9.0850000e-01   2.1682936e+02
   9.0860000e-01   2.1683233e+02
   9.0870000e-01   2.1683529e+02
   9.0880000e-01   2.1683822e+02
   9.0890000e-01   2.1684113e+02
   9.0900000e-01   2.1684402e+02
   9.0910000e-01   2.1684690e+02
   9.0920000e-01   2.1684975e+02
   9.0930000e-01   2.1685258e+02
   9.0940000e-01   2.1685538e+02
   9.0950000e-01   2.1685817e+02
   9.0960000e-01   2.1686093e+02
   9.0970000e-01   2.1686367e+02
   9.0980000e-01   2.1686639e+02
   9.0990000e-01   2.1684710e+02
   9.1000000e-01   2.1683551e+02
   9.1010000e-01   2.1695521e+02
   9.1020000e-01   2.1689607e+02
   9.1030000e-01   2.1686557e+02
   9.1040000e-01   2.1684837e+02
   9.1050000e-01   2.1683987e+02
   9.1060000e-01   2.1683607e+02
   9.1070000e-01   2.1683414e+02
   9.1080000e-01   2.1683310e+02
   9.1090000e-01   2.1683252e+02
   9.1100000e-01   2.1683217e+02
   9.1110000e-01   2.1683196e+02
   9.1120000e-01   2.1683182e+02
   9.1130000e-01   2.1683204e+02
   9.1140000e-01   2.1683176e+02
   9.1150000e-01   2.1683163e+02
   9.1160000e-01   2.1683139e+02
   9.1170000e-01   2.1683115e+02
   9.1180000e-01   2.1683095e+02
   9.1190000e-01   2.1683078e+02
   9.1200000e-01   2.1683062e+02
   9.1210000e-01   2.1683047e+02
   9.1220000e-01   2.1683033e+02
   9.1230000e-01   2.1683020e+02
   9.1240000e-01   2.1683008e+02
   9.1250000e-01   2.1682996e+02
   9.1260000e-01   2.1682985e+02
   9.1270000e-01   2.1682975e+02
   9.1280000e-01   2.1682966e+02
   9.1290000e-01   2.1682967e+02
   9.1300000e-01   2.1682900e+02
   9.1310000e-01   2.1682942e+02
   9.1320000e-01   2.1682954e+02
   9.1330000e-01   2.1682962e+02
   9.1340000e-01   2.1682967e+02
   9.1350000e-01   2.1682969e+02
   9.1360000e-01   2.1682970e+02
   9.1370000e-01   2.1682969e+02
   9.1380000e-01   2.1682968e+02
   9.1390000e-01   2.1682967e+02
   9.1400000e-01   2.1682967e+02
   9.1410000e-01   2.1682966e+02
   9.1420000e-01   2.1682966e+02
   9.1430000e-01   2.1682965e+02
   9.1440000e-01   2.1682965e+02
   9.1450000e-01   2.1682980e+02
   9.1460000e-01   2.1683013e+02
   9.1470000e-01   2.1683124e+02
   9.1480000e-01   2.1683347e+02
   9.1490000e-01   2.1683698e+02
   9.1500000e-01   2.1684181e+02
   9.1510000e-01   2.1684791e+02
   9.1520000e-01   2.1685515e+02
   9.1530000e-01   2.1686333e+02
   9.1540000e-01   2.1687218e+02
   9.1550000e-01   2.1688137e+02
   9.1560000e-01   2.1689053e+02
   9.1570000e-01   2.1689924e+02
   9.1580000e-01   2.1690702e+02
   9.1590000e-01   2.1691337e+02
   9.1600000e-01   2.1691776e+02
   9.1610000e-01   2.1691961e+02
   9.1620000e-01   2.1691834e+02
   9.1630000e-01   2.1691333e+02
   9.1640000e-01   2.1690394e+02
   9.1650000e-01   2.1688981e+02
   9.1660000e-01   2.1687216e+02
   9.1670000e-01   2.1685632e+02
   9.1680000e-01   2.1684365e+02
   9.1690000e-01   2.1683403e+02
   9.1700000e-01   2.1682653e+02
   9.1710000e-01   2.1682159e+02
   9.1720000e-01   2.1681803e+02
   9.1730000e-01   2.1681553e+02
   9.1740000e-01   2.1681373e+02
   9.1750000e-01   2.1681244e+02
   9.1760000e-01   2.1681152e+02
   9.1770000e-01   2.1681085e+02
   9.1780000e-01   2.1681041e+02
   9.1790000e-01   2.1681947e+02
   9.1800000e-01   2.1683372e+02
   9.1810000e-01   2.1684791e+02
   9.1820000e-01   2.1686207e+02
   9.1830000e-01   2.1687624e+02
   9.1840000e-01   2.1689046e+02
   9.1850000e-01   2.1690477e+02
   9.1860000e-01   2.1691922e+02
   9.1870000e-01   2.1693382e+02
   9.1880000e-01   2.1694862e+02
   9.1890000e-01   2.1696363e+02
   9.1900000e-01   2.1697887e+02
   9.1910000e-01   2.1699434e+02
   9.1920000e-01   2.1701002e+02
   9.1930000e-01   2.1702589e+02
   9.1940000e-01   2.1704191e+02
   9.1950000e-01   2.1705801e+02
   9.1960000e-01   2.1707412e+02
   9.1970000e-01   2.1706522e+02
   9.1980000e-01   2.1700568e+02
   9.1990000e-01   2.1694200e+02
   9.2000000e-01   2.1691002e+02
   9.2010000e-01   2.1677534e+02
   9.2020000e-01   2.1681416e+02
   9.2030000e-01   2.1683232e+02
   9.2040000e-01   2.1683982e+02
   9.2050000e-01   2.1684440e+02
   9.2060000e-01   2.1684732e+02
   9.2070000e-01   2.1684923e+02
   9.2080000e-01   2.1685050e+02
   9.2090000e-01   2.1685134e+02
   9.2100000e-01   2.1685191e+02
   9.2110000e-01   2.1685228e+02
   9.2120000e-01   2.1685254e+02
   9.2130000e-01   2.1685307e+02
   9.2140000e-01   2.1685284e+02
   9.2150000e-01   2.1685267e+02
   9.2160000e-01   2.1685252e+02
   9.2170000e-01   2.1685238e+02
   9.2180000e-01   2.1685225e+02
   9.2190000e-01   2.1685212e+02
   9.2200000e-01   2.1685201e+02
   9.2210000e-01   2.1685208e+02
   9.2220000e-01   2.1685141e+02
   9.2230000e-01   2.1685150e+02
   9.2240000e-01   2.1685148e+02
   9.2250000e-01   2.1685143e+02
   9.2260000e-01   2.1685137e+02
   9.2270000e-01   2.1685132e+02
   9.2280000e-01   2.1685157e+02
   9.2290000e-01   2.1685106e+02
   9.2300000e-01   2.1685142e+02
   9.2310000e-01   2.1685117e+02
   9.2320000e-01   2.1685129e+02
   9.2330000e-01   2.1685139e+02
   9.2340000e-01   2.1685144e+02
   9.2350000e-01   2.1685146e+02
   9.2360000e-01   2.1685146e+02
   9.2370000e-01   2.1685145e+02
   9.2380000e-01   2.1685144e+02
   9.2390000e-01   2.1685143e+02
   9.2400000e-01   2.1685141e+02
   9.2410000e-01   2.1685139e+02
   9.2420000e-01   2.1685138e+02
   9.2430000e-01   2.1685136e+02
   9.2440000e-01   2.1685134e+02
   9.2450000e-01   2.1685132e+02
   9.2460000e-01   2.1685110e+02
   9.2470000e-01   2.1685066e+02
   9.2480000e-01   2.1684938e+02
   9.2490000e-01   2.1684703e+02
   9.2500000e-01   2.1684352e+02
   9.2510000e-01   2.1683888e+02
   9.2520000e-01   2.1683322e+02
   9.2530000e-01   2.1682673e+02
   9.2540000e-01   2.1681967e+02
   9.2550000e-01   2.1681235e+02
   9.2560000e-01   2.1680516e+02
   9.2570000e-01   2.1679850e+02
   9.2580000e-01   2.1679285e+02
   9.2590000e-01   2.1678869e+02
   9.2600000e-01   2.1678658e+02
   9.2610000e-01   2.1678707e+02
   9.2620000e-01   2.1679075e+02
   9.2630000e-01   2.1679824e+02
   9.2640000e-01   2.1680816e+02
   9.2650000e-01   2.1682183e+02
   9.2660000e-01   2.1683305e+02
   9.2670000e-01   2.1684176e+02
   9.2680000e-01   2.1684826e+02
   9.2690000e-01   2.1685297e+02
   9.2700000e-01   2.1685642e+02
   9.2710000e-01   2.1685878e+02
   9.2720000e-01   2.1686045e+02
   9.2730000e-01   2.1686163e+02
   9.2740000e-01   2.1686246e+02
   9.2750000e-01   2.1686304e+02
   9.2760000e-01   2.1686344e+02
   9.2770000e-01   2.1686373e+02
   9.2780000e-01   2.1686393e+02
   9.2790000e-01   2.1686424e+02
   9.2800000e-01   2.1686455e+02
   9.2810000e-01   2.1686486e+02
   9.2820000e-01   2.1686517e+02
   9.2830000e-01   2.1686549e+02
   9.2840000e-01   2.1686584e+02
   9.2850000e-01   2.1686622e+02
   9.2860000e-01   2.1686664e+02
   9.2870000e-01   2.1686710e+02
   9.2880000e-01   2.1686761e+02
   9.2890000e-01   2.1686809e+02
   9.2900000e-01   2.1686853e+02
   9.2910000e-01   2.1686894e+02
   9.2920000e-01   2.1686930e+02
   9.2930000e-01   2.1686964e+02
   9.2940000e-01   2.1686996e+02
   9.2950000e-01   2.1687027e+02
   9.2960000e-01   2.1687059e+02
   9.2970000e-01   2.1687093e+02
   9.2980000e-01   2.1687129e+02
   9.2990000e-01   2.1686907e+02
   9.3000000e-01   2.1686795e+02
   9.3010000e-01   2.1695734e+02
   9.3020000e-01   2.1691957e+02
   9.3030000e-01   2.1690166e+02
   9.3040000e-01   2.1689342e+02
   9.3050000e-01   2.1688861e+02
   9.3060000e-01   2.1688520e+02
   9.3070000e-01   2.1688302e+02
   9.3080000e-01   2.1688154e+02
   9.3090000e-01   2.1688058e+02
   9.3100000e-01   2.1687996e+02
   9.3110000e-01   2.1687957e+02
   9.3120000e-01   2.1687932e+02
   9.3130000e-01   2.1687874e+02
   9.3140000e-01   2.1687888e+02
   9.3150000e-01   2.1687864e+02
   9.3160000e-01   2.1687850e+02
   9.3170000e-01   2.1687840e+02
   9.3180000e-01   2.1687916e+02
   9.3190000e-01   2.1687864e+02
   9.3200000e-01   2.1687835e+02
   9.3210000e-01   2.1687819e+02
   9.3220000e-01   2.1687808e+02
   9.3230000e-01   2.1687800e+02
   9.3240000e-01   2.1687794e+02
   9.3250000e-01   2.1687790e+02
   9.3260000e-01   2.1687787e+02
   9.3270000e-01   2.1687784e+02
   9.3280000e-01   2.1687783e+02
   9.3290000e-01   2.1687758e+02
   9.3300000e-01   2.1687831e+02
   9.3310000e-01   2.1687806e+02
   9.3320000e-01   2.1687807e+02
   9.3330000e-01   2.1687811e+02
   9.3340000e-01   2.1687814e+02
   9.3350000e-01   2.1687815e+02
   9.3360000e-01   2.1687815e+02
   9.3370000e-01   2.1687814e+02
   9.3380000e-01   2.1687813e+02
   9.3390000e-01   2.1687812e+02
   9.3400000e-01   2.1687811e+02
   9.3410000e-01   2.1687810e+02
   9.3420000e-01   2.1687809e+02
   9.3430000e-01   2.1687808e+02
   9.3440000e-01   2.1687807e+02
   9.3450000e-01   2.1687792e+02
   9.3460000e-01   2.1687759e+02
   9.3470000e-01   2.1687648e+02
   9.3480000e-01   2.1687424e+02
   9.3490000e-01   2.1687074e+02
   9.3500000e-01   2.1686591e+02
   9.3510000e-01   2.1685981e+02
   9.3520000e-01   2.1685257e+02
   9.3530000e-01   2.1684439e+02
   9.3540000e-01   2.1683554e+02
   9.3550000e-01   2.1682635e+02
   9.3560000e-01   2.1681720e+02
   9.3570000e-01   2.1680850e+02
   9.3580000e-01   2.1680072e+02
   9.3590000e-01   2.1679437e+02
   9.3600000e-01   2.1678998e+02
   9.3610000e-01   2.1678814e+02
   9.3620000e-01   2.1678942e+02
   9.3630000e-01   2.1679444e+02
   9.3640000e-01   2.1680384e+02
   9.3650000e-01   2.1681799e+02
   9.3660000e-01   2.1683566e+02
   9.3670000e-01   2.1685151e+02
   9.3680000e-01   2.1686419e+02
   9.3690000e-01   2.1687382e+02
   9.3700000e-01   2.1688136e+02
   9.3710000e-01   2.1688631e+02
   9.3720000e-01   2.1688987e+02
   9.3730000e-01   2.1689238e+02
   9.3740000e-01   2.1689417e+02
   9.3750000e-01   2.1689546e+02
   9.3760000e-01   2.1689638e+02
   9.3770000e-01   2.1689704e+02
   9.3780000e-01   2.1689753e+02
   9.3790000e-01   2.1689791e+02
   9.3800000e-01   2.1690211e+02
   9.3810000e-01   2.1690609e+02
   9.3820000e-01   2.1691004e+02
   9.3830000e-01   2.1691396e+02
   9.3840000e-01   2.1691782e+02
   9.3850000e-01   2.1692165e+02
   9.3860000e-01   2.1692542e+02
   9.3870000e-01   2.1692913e+02
   9.3880000e-01   2.1693280e+02
   9.3890000e-01   2.1693640e+02
   9.3900000e-01   2.1693994e+02
   9.3910000e-01   2.1694341e+02
   9.3920000e-01   2.1694682e+02
   9.3930000e-01   2.1695016e+02
   9.3940000e-01   2.1695342e+02
   9.3950000e-01   2.1695661e+02
   9.3960000e-01   2.1695775e+02
   9.3970000e-01   2.1693629e+02
   9.3980000e-01   2.1692574e+02
   9.3990000e-01   2.1692031e+02
   9.4000000e-01   2.1691671e+02
   9.4010000e-01   2.1730973e+02
   9.4020000e-01   2.1709666e+02
   9.4030000e-01   2.1700769e+02
   9.4040000e-01   2.1697241e+02
   9.4050000e-01   2.1695755e+02
   9.4060000e-01   2.1695133e+02
   9.4070000e-01   2.1694875e+02
   9.4080000e-01   2.1694769e+02
   9.4090000e-01   2.1694726e+02
   9.4100000e-01   2.1694710e+02
   9.4110000e-01   2.1694703e+02
   9.4120000e-01   2.1694699e+02
   9.4130000e-01   2.1694673e+02
   9.4140000e-01   2.1694643e+02
   9.4150000e-01   2.1694644e+02
   9.4160000e-01   2.1694626e+02
   9.4170000e-01   2.1694603e+02
   9.4180000e-01   2.1694580e+02
   9.4190000e-01   2.1694558e+02
   9.4200000e-01   2.1694536e+02
   9.4210000e-01   2.1694517e+02
   9.4220000e-01   2.1694499e+02
   9.4230000e-01   2.1694483e+02
   9.4240000e-01   2.1694468e+02
   9.4250000e-01   2.1694456e+02
   9.4260000e-01   2.1694444e+02
   9.4270000e-01   2.1694434e+02
   9.4280000e-01   2.1694395e+02
   9.4290000e-01   2.1694425e+02
   9.4300000e-01   2.1694345e+02
   9.4310000e-01   2.1694423e+02
   9.4320000e-01   2.1694424e+02
   9.4330000e-01   2.1694429e+02
   9.4340000e-01   2.1694432e+02
   9.4350000e-01   2.1694433e+02
   9.4360000e-01   2.1694433e+02
   9.4370000e-01   2.1694432e+02
   9.4380000e-01   2.1694430e+02
   9.4390000e-01   2.1694428e+02
   9.4400000e-01   2.1694427e+02
   9.4410000e-01   2.1694426e+02
   9.4420000e-01   2.1694425e+02
   9.4430000e-01   2.1694425e+02
   9.4440000e-01   2.1694424e+02
   9.4450000e-01   2.1694424e+02
   9.4460000e-01   2.1694440e+02
   9.4470000e-01   2.1694477e+02
   9.4480000e-01   2.1694592e+02
   9.4490000e-01   2.1694810e+02
   9.4500000e-01   2.1695141e+02
   9.4510000e-01   2.1695584e+02
   9.4520000e-01   2.1696126e+02
   9.4530000e-01   2.1696750e+02
   9.4540000e-01   2.1697430e+02
   9.4550000e-01   2.1698134e+02
   9.4560000e-01   2.1698824e+02
   9.4570000e-01   2.1699460e+02
   9.4580000e-01   2.1699995e+02
   9.4590000e-01   2.1700379e+02
   9.4600000e-01   2.1700558e+02
   9.4610000e-01   2.1700476e+02
   9.4620000e-01   2.1700075e+02
   9.4630000e-01   2.1699294e+02
   9.4640000e-01   2.1698209e+02
   9.4650000e-01   2.1697023e+02
   9.4660000e-01   2.1695965e+02
   9.4670000e-01   2.1695162e+02
   9.4680000e-01   2.1694567e+02
   9.4690000e-01   2.1694137e+02
   9.4700000e-01   2.1693822e+02
   9.4710000e-01   2.1693606e+02
   9.4720000e-01   2.1693450e+02
   9.4730000e-01   2.1693339e+02
   9.4740000e-01   2.1693260e+02
   9.4750000e-01   2.1693202e+02
   9.4760000e-01   2.1693160e+02
   9.4770000e-01   2.1693129e+02
   9.4780000e-01   2.1693106e+02
   9.4790000e-01   2.1693271e+02
   9.4800000e-01   2.1693421e+02
   9.4810000e-01   2.1693569e+02
   9.4820000e-01   2.1693718e+02
   9.4830000e-01   2.1693864e+02
   9.4840000e-01   2.1694010e+02
   9.4850000e-01   2.1694155e+02
   9.4860000e-01   2.1694299e+02
   9.4870000e-01   2.1694441e+02
   9.4880000e-01   2.1694584e+02
   9.4890000e-01   2.1694735e+02
   9.4900000e-01   2.1694896e+02
   9.4910000e-01   2.1695067e+02
   9.4920000e-01   2.1695248e+02
   9.4930000e-01   2.1695438e+02
   9.4940000e-01   2.1695636e+02
   9.4950000e-01   2.1695840e+02
   9.4960000e-01   2.1696049e+02
   9.4970000e-01   2.1696259e+02
   9.4980000e-01   2.1696210e+02
   9.4990000e-01   2.1695043e+02
   9.5000000e-01   2.1694433e+02
   9.5010000e-01   2.1658730e+02
   9.5020000e-01   2.1675450e+02
   9.5030000e-01   2.1683041e+02
   9.5040000e-01   2.1686608e+02
   9.5050000e-01   2.1688342e+02
   9.5060000e-01   2.1689226e+02
   9.5070000e-01   2.1689710e+02
   9.5080000e-01   2.1689990e+02
   9.5090000e-01   2.1690156e+02
   9.5100000e-01   2.1690256e+02
   9.5110000e-01   2.1690318e+02
   9.5120000e-01   2.1690357e+02
   9.5130000e-01   2.1690358e+02
   9.5140000e-01   2.1690341e+02
   9.5150000e-01   2.1690348e+02
   9.5160000e-01   2.1690354e+02
   9.5170000e-01   2.1690343e+02
   9.5180000e-01   2.1690242e+02
   9.5190000e-01   2.1690268e+02
   9.5200000e-01   2.1690271e+02
   9.5210000e-01   2.1690263e+02
   9.5220000e-01   2.1690251e+02
   9.5230000e-01   2.1690239e+02
   9.5240000e-01   2.1690226e+02
   9.5250000e-01   2.1690214e+02
   9.5260000e-01   2.1690202e+02
   9.5270000e-01   2.1690192e+02
   9.5280000e-01   2.1690183e+02
   9.5290000e-01   2.1690167e+02
   9.5300000e-01   2.1690163e+02
   9.5310000e-01   2.1690189e+02
   9.5320000e-01   2.1690190e+02
   9.5330000e-01   2.1690194e+02
   9.5340000e-01   2.1690197e+02
   9.5350000e-01   2.1690198e+02
   9.5360000e-01   2.1690198e+02
   9.5370000e-01   2.1690197e+02
   9.5380000e-01   2.1690196e+02
   9.5390000e-01   2.1690195e+02
   9.5400000e-01   2.1690193e+02
   9.5410000e-01   2.1690192e+02
   9.5420000e-01   2.1690190e+02
   9.5430000e-01   2.1690189e+02
   9.5440000e-01   2.1690187e+02
   9.5450000e-01   2.1690197e+02
   9.5460000e-01   2.1690226e+02
   9.5470000e-01   2.1690327e+02
   9.5480000e-01   2.1690540e+02
   9.5490000e-01   2.1690876e+02
   9.5500000e-01   2.1691340e+02
   9.5510000e-01   2.1691929e+02
   9.5520000e-01   2.1692630e+02
   9.5530000e-01   2.1693423e+02
   9.5540000e-01   2.1694282e+02
   9.5550000e-01   2.1695174e+02
   9.5560000e-01   2.1696061e+02
   9.5570000e-01   2.1696902e+02
   9.5580000e-01   2.1697649e+02
   9.5590000e-01   2.1698253e+02
   9.5600000e-01   2.1698659e+02
   9.5610000e-01   2.1698812e+02
   9.5620000e-01   2.1698651e+02
   9.5630000e-01   2.1698115e+02
   9.5640000e-01   2.1697142e+02
   9.5650000e-01   2.1695678e+02
   9.5660000e-01   2.1693946e+02
   9.5670000e-01   2.1692465e+02
   9.5680000e-01   2.1691286e+02
   9.5690000e-01   2.1690395e+02
   9.5700000e-01   2.1689739e+02
   9.5710000e-01   2.1689267e+02
   9.5720000e-01   2.1688929e+02
   9.5730000e-01   2.1688690e+02
   9.5740000e-01   2.1688519e+02
   9.5750000e-01   2.1688398e+02
   9.5760000e-01   2.1688311e+02
   9.5770000e-01   2.1688249e+02
   9.5780000e-01   2.1688203e+02
   9.5790000e-01   2.1687598e+02
   9.5800000e-01   2.1686077e+02
   9.5810000e-01   2.1684580e+02
   9.5820000e-01   2.1683087e+02
   9.5830000e-01   2.1681595e+02
   9.5840000e-01   2.1680101e+02
   9.5850000e-01   2.1678600e+02
   9.5860000e-01   2.1677088e+02
   9.5870000e-01   2.1675564e+02
   9.5880000e-01   2.1674023e+02
   9.5890000e-01   2.1672465e+02
   9.5900000e-01   2.1670888e+02
   9.5910000e-01   2.1669292e+02
   9.5920000e-01   2.1667679e+02
   9.5930000e-01   2.1666051e+02
   9.5940000e-01   2.1664414e+02
   9.5950000e-01   2.1662773e+02
   9.5960000e-01   2.1661334e+02
   9.5970000e-01   2.1664661e+02
   9.5980000e-01   2.1671750e+02
   9.5990000e-01   2.1676402e+02
   9.6000000e-01   2.1678881e+02
   9.6010000e-01   2.1651978e+02
   9.6020000e-01   2.1668541e+02
   9.6030000e-01   2.1675429e+02
   9.6040000e-01   2.1678243e+02
   9.6050000e-01   2.1679366e+02
   9.6060000e-01   2.1679788e+02
   9.6070000e-01   2.1679928e+02
   9.6080000e-01   2.1679963e+02
   9.6090000e-01   2.1679961e+02
   9.6100000e-01   2.1679949e+02
   9.6110000e-01   2.1679938e+02
   9.6120000e-01   2.1679929e+02
   9.6130000e-01   2.1679912e+02
   9.6140000e-01   2.1679930e+02
   9.6150000e-01   2.1679904e+02
   9.6160000e-01   2.1679893e+02
   9.6170000e-01   2.1679884e+02
   9.6180000e-01   2.1679876e+02
   9.6190000e-01   2.1679867e+02
   9.6200000e-01   2.1679858e+02
   9.6210000e-01   2.1679834e+02
   9.6220000e-01   2.1679837e+02
   9.6230000e-01   2.1679841e+02
   9.6240000e-01   2.1679832e+02
   9.6250000e-01   2.1679824e+02
   9.6260000e-01   2.1679816e+02
   9.6270000e-01   2.1679809e+02
   9.6280000e-01   2.1679803e+02
   9.6290000e-01   2.1679751e+02
   9.6300000e-01   2.1679783e+02
   9.6310000e-01   2.1679769e+02
   9.6320000e-01   2.1679783e+02
   9.6330000e-01   2.1679791e+02
   9.6340000e-01   2.1679794e+02
   9.6350000e-01   2.1679796e+02
   9.6360000e-01   2.1679796e+02
   9.6370000e-01   2.1679796e+02
   9.6380000e-01   2.1679796e+02
   9.6390000e-01   2.1679796e+02
   9.6400000e-01   2.1679796e+02
   9.6410000e-01   2.1679796e+02
   9.6420000e-01   2.1679796e+02
   9.6430000e-01   2.1679797e+02
   9.6440000e-01   2.1679798e+02
   9.6450000e-01   2.1679806e+02
   9.6460000e-01   2.1679822e+02
   9.6470000e-01   2.1679878e+02
   9.6480000e-01   2.1679967e+02
   9.6490000e-01   2.1680073e+02
   9.6500000e-01   2.1680193e+02
   9.6510000e-01   2.1680325e+02
   9.6520000e-01   2.1680468e+02
   9.6530000e-01   2.1680620e+02
   9.6540000e-01   2.1680782e+02
   9.6550000e-01   2.1680951e+02
   9.6560000e-01   2.1681129e+02
   9.6570000e-01   2.1681314e+02
   9.6580000e-01   2.1681507e+02
   9.6590000e-01   2.1681706e+02
   9.6600000e-01   2.1681912e+02
   9.6610000e-01   2.1682124e+02
   9.6620000e-01   2.1682342e+02
   9.6630000e-01   2.1682566e+02
   9.6640000e-01   2.1682655e+02
   9.6650000e-01   2.1682517e+02
   9.6660000e-01   2.1681901e+02
   9.6670000e-01   2.1681284e+02
   9.6680000e-01   2.1680774e+02
   9.6690000e-01   2.1680381e+02
   9.6700000e-01   2.1680051e+02
   9.6710000e-01   2.1679865e+02
   9.6720000e-01   2.1679725e+02
   9.6730000e-01   2.1679625e+02
   9.6740000e-01   2.1679555e+02
   9.6750000e-01   2.1679507e+02
   9.6760000e-01   2.1679474e+02
   9.6770000e-01   2.1679452e+02
   9.6780000e-01   2.1679438e+02
   9.6790000e-01   2.1680007e+02
   9.6800000e-01   2.1681744e+02
   9.6810000e-01   2.1683543e+02
   9.6820000e-01   2.1685333e+02
   9.6830000e-01   2.1687118e+02
   9.6840000e-01   2.1688900e+02
   9.6850000e-01   2.1690681e+02
   9.6860000e-01   2.1692464e+02
   9.6870000e-01   2.1694252e+02
   9.6880000e-01   2.1696045e+02
   9.6890000e-01   2.1697844e+02
   9.6900000e-01   2.1699650e+02
   9.6910000e-01   2.1701462e+02
   9.6920000e-01   2.1703279e+02
   9.6930000e-01   2.1705095e+02
   9.6940000e-01   2.1706909e+02
   9.6950000e-01   2.1708713e+02
   9.6960000e-01   2.1708669e+02
   9.6970000e-01   2.1704178e+02
   9.6980000e-01   2.1696555e+02
   9.6990000e-01   2.1691902e+02
   9.7000000e-01   2.1689393e+02
   9.7010000e-01   2.1717906e+02
   9.7020000e-01   2.1702261e+02
   9.7030000e-01   2.1695167e+02
   9.7040000e-01   2.1691842e+02
   9.7050000e-01   2.1690122e+02
   9.7060000e-01   2.1689172e+02
   9.7070000e-01   2.1688622e+02
   9.7080000e-01   2.1688289e+02
   9.7090000e-01   2.1688081e+02
   9.7100000e-01   2.1687947e+02
   9.7110000e-01   2.1687860e+02
   9.7120000e-01   2.1687802e+02
   9.7130000e-01   2.1687746e+02
   9.7140000e-01   2.1687737e+02
   9.7150000e-01   2.1687702e+02
   9.7160000e-01   2.1687667e+02
   9.7170000e-01   2.1687646e+02
   9.7180000e-01   2.1687626e+02
   9.7190000e-01   2.1687607e+02
   9.7200000e-01   2.1687589e+02
   9.7210000e-01   2.1687571e+02
   9.7220000e-01   2.1687554e+02
   9.7230000e-01   2.1687538e+02
   9.7240000e-01   2.1687522e+02
   9.7250000e-01   2.1687507e+02
   9.7260000e-01   2.1687493e+02
   9.7270000e-01   2.1687480e+02
   9.7280000e-01   2.1687468e+02
   9.7290000e-01   2.1687488e+02
   9.7300000e-01   2.1687453e+02
   9.7310000e-01   2.1687452e+02
   9.7320000e-01   2.1687463e+02
   9.7330000e-01   2.1687470e+02
   9.7340000e-01   2.1687474e+02
   9.7350000e-01   2.1687476e+02
   9.7360000e-01   2.1687476e+02
   9.7370000e-01   2.1687480e+02
   9.7380000e-01   2.1687482e+02
   9.7390000e-01   2.1687482e+02
   9.7400000e-01   2.1687483e+02
   9.7410000e-01   2.1687482e+02
   9.7420000e-01   2.1687482e+02
   9.7430000e-01   2.1687482e+02
   9.7440000e-01   2.1687482e+02
   9.7450000e-01   2.1687470e+02
   9.7460000e-01   2.1687453e+02
   9.7470000e-01   2.1687383e+02
   9.7480000e-01   2.1687272e+02
   9.7490000e-01   2.1687139e+02
   9.7500000e-01   2.1686987e+02
   9.7510000e-01   2.1686820e+02
   9.7520000e-01   2.1686639e+02
   9.7530000e-01   2.1686446e+02
   9.7540000e-01   2.1686242e+02
   9.7550000e-01   2.1686027e+02
   9.7560000e-01   2.1685802e+02
   9.7570000e-01   2.1685568e+02
   9.7580000e-01   2.1685325e+02
   9.7590000e-01   2.1685074e+02
   9.7600000e-01   2.1684814e+02
   9.7610000e-01   2.1684547e+02
   9.7620000e-01   2.1684273e+02
   9.7630000e-01   2.1683992e+02
   9.7640000e-01   2.1683880e+02
   9.7650000e-01   2.1684163e+02
   9.7660000e-01   2.1684943e+02
   9.7670000e-01   2.1685696e+02
   9.7680000e-01   2.1686335e+02
   9.7690000e-01   2.1686833e+02
   9.7700000e-01   2.1687204e+02
   9.7710000e-01   2.1687474e+02
   9.7720000e-01   2.1687667e+02
   9.7730000e-01   2.1687803e+02
   9.7740000e-01   2.1687899e+02
   9.7750000e-01   2.1687967e+02
   9.7760000e-01   2.1688014e+02
   9.7770000e-01   2.1688046e+02
   9.7780000e-01   2.1688069e+02
   9.7790000e-01   2.1688206e+02
   9.7800000e-01   2.1688337e+02
   9.7810000e-01   2.1688467e+02
   9.7820000e-01   2.1688597e+02
   9.7830000e-01   2.1688726e+02
   9.7840000e-01   2.1688854e+02
   9.7850000e-01   2.1688981e+02
   9.7860000e-01   2.1689108e+02
   9.7870000e-01   2.1689233e+02
   9.7880000e-01   2.1689358e+02
   9.7890000e-01   2.1689476e+02
   9.7900000e-01   2.1689586e+02
   9.7910000e-01   2.1689691e+02
   9.7920000e-01   2.1689790e+02
   9.7930000e-01   2.1689886e+02
   9.7940000e-01   2.1689979e+02
   9.7950000e-01   2.1690071e+02
   9.7960000e-01   2.1690164e+02
   9.7970000e-01   2.1690259e+02
   9.7980000e-01   2.1689487e+02
   9.7990000e-01   2.1689061e+02
   9.8000000e-01   2.1688867e+02
   9.8010000e-01   2.1696041e+02
   9.8020000e-01   2.1690915e+02
   9.8030000e-01   2.1688925e+02
   9.8040000e-01   2.1688056e+02
   9.8050000e-01   2.1687934e+02
   9.8060000e-01   2.1688053e+02
   9.8070000e-01   2.1688213e+02
   9.8080000e-01   2.1688349e+02
   9.8090000e-01   2.1688456e+02
   9.8100000e-01   2.1688534e+02
   9.8110000e-01   2.1688590e+02
   9.8120000e-01   2.1688627e+02
   9.8130000e-01   2.1688604e+02
   9.8140000e-01   2.1688634e+02
   9.8150000e-01   2.1688642e+02
   9.8160000e-01   2.1688640e+02
   9.8170000e-01   2.1688633e+02
   9.8180000e-01   2.1688622e+02
   9.8190000e-01   2.1688608e+02
   9.8200000e-01   2.1688593e+02
   9.8210000e-01   2.1688582e+02
   9.8220000e-01   2.1688570e+02
   9.8230000e-01   2.1688545e+02
   9.8240000e-01   2.1688525e+02
   9.8250000e-01   2.1688506e+02
   9.8260000e-01   2.1688489e+02
   9.8270000e-01   2.1688474e+02
   9.8280000e-01   2.1688460e+02
   9.8290000e-01   2.1688503e+02
   9.8300000e-01   2.1688486e+02
   9.8310000e-01   2.1688475e+02
   9.8320000e-01   2.1688478e+02
   9.8330000e-01   2.1688486e+02
   9.8340000e-01   2.1688491e+02
   9.8350000e-01   2.1688493e+02
   9.8360000e-01   2.1688493e+02
   9.8370000e-01   2.1688500e+02
   9.8380000e-01   2.1688500e+02
   9.8390000e-01   2.1688499e+02
   9.8400000e-01   2.1688498e+02
   9.8410000e-01   2.1688496e+02
   9.8420000e-01   2.1688494e+02
   9.8430000e-01   2.1688492e+02
   9.8440000e-01   2.1688490e+02
   9.8450000e-01   2.1688484e+02
   9.8460000e-01   2.1688451e+02
   9.8470000e-01   2.1688462e+02
   9.8480000e-01   2.1688452e+02
   9.8490000e-01   2.1688438e+02
   9.8500000e-01   2.1688420e+02
   9.8510000e-01   2.1688400e+02
   9.8520000e-01   2.1688378e+02
   9.8530000e-01   2.1688354e+02
   9.8540000e-01   2.1688330e+02
   9.8550000e-01   2.1688303e+02
   9.8560000e-01   2.1688276e+02
   9.8570000e-01   2.1688248e+02
   9.8580000e-01   2.1688219e+02
   9.8590000e-01   2.1688189e+02
   9.8600000e-01   2.1688158e+02
   9.8610000e-01   2.1688126e+02
   9.8620000e-01   2.1688094e+02
   9.8630000e-01   2.1688061e+02
   9.8640000e-01   2.1688028e+02
   9.8650000e-01   2.1688026e+02
   9.8660000e-01   2.1688126e+02
   9.8670000e-01   2.1688186e+02
   9.8680000e-01   2.1688252e+02
   9.8690000e-01   2.1688305e+02
   9.8700000e-01   2.1688390e+02
   9.8710000e-01   2.1688392e+02
   9.8720000e-01   2.1688401e+02
   9.8730000e-01   2.1688409e+02
   9.8740000e-01   2.1688416e+02
   9.8750000e-01   2.1688420e+02
   9.8760000e-01   2.1688422e+02
   9.8770000e-01   2.1688423e+02
   9.8780000e-01   2.1688422e+02
   9.8790000e-01   2.1688080e+02
   9.8800000e-01   2.1686580e+02
   9.8810000e-01   2.1685016e+02
   9.8820000e-01   2.1683460e+02
   9.8830000e-01   2.1681906e+02
   9.8840000e-01   2.1680355e+02
   9.8850000e-01   2.1678801e+02
   9.8860000e-01   2.1677244e+02
   9.8870000e-01   2.1675680e+02
   9.8880000e-01   2.1674109e+02
   9.8890000e-01   2.1672529e+02
   9.8900000e-01   2.1670941e+02
   9.8910000e-01   2.1669344e+02
   9.8920000e-01   2.1667741e+02
   9.8930000e-01   2.1666134e+02
   9.8940000e-01   2.1664529e+02
   9.8950000e-01   2.1662931e+02
   9.8960000e-01   2.1663182e+02
   9.8970000e-01   2.1667886e+02
   9.8980000e-01   2.1674178e+02
   9.8990000e-01   2.1677948e+02
   9.9000000e-01   2.1680015e+02
   9.9010000e-01   2.1664685e+02
   9.9020000e-01   2.1672300e+02
   9.9030000e-01   2.1676319e+02
   9.9040000e-01   2.1678594e+02
   9.9050000e-01   2.1679846e+02
   9.9060000e-01   2.1680568e+02
   9.9070000e-01   2.1681003e+02
   9.9080000e-01   2.1681274e+02
   9.9090000e-01   2.1681447e+02
   9.9100000e-01   2.1681558e+02
   9.9110000e-01   2.1681631e+02
   9.9120000e-01   2.1681679e+02
   9.9130000e-01   2.1681657e+02
   9.9140000e-01   2.1681690e+02
   9.9150000e-01   2.1681750e+02
   9.9160000e-01   2.1681694e+02
   9.9170000e-01   2.1681672e+02
   9.9180000e-01   2.1681637e+02
   9.9190000e-01   2.1681601e+02
   9.9200000e-01   2.1681570e+02
   9.9210000e-01   2.1681543e+02
   9.9220000e-01   2.1681518e+02
   9.9230000e-01   2.1681496e+02
   9.9240000e-01   2.1681476e+02
   9.9250000e-01   2.1681457e+02
   9.9260000e-01   2.1681441e+02
   9.9270000e-01   2.1681427e+02
   9.9280000e-01   2.1681414e+02
   9.9290000e-01   2.1681395e+02
   9.9300000e-01   2.1681375e+02
   9.9310000e-01   2.1681404e+02
   9.9320000e-01   2.1681423e+02
   9.9330000e-01   2.1681435e+02
   9.9340000e-01   2.1681441e+02
   9.9350000e-01   2.1681443e+02
   9.9360000e-01   2.1681442e+02
   9.9370000e-01   2.1681442e+02
   9.9380000e-01   2.1681440e+02
   9.9390000e-01   2.1681439e+02
   9.9400000e-01   2.1681438e+02
   9.9410000e-01   2.1681437e+02
   9.9420000e-01   2.1681437e+02
   9.9430000e-01   2.1681438e+02
   9.9440000e-01   2.1681439e+02
   9.9450000e-01   2.1681440e+02
   9.9460000e-01   2.1681440e+02
   9.9470000e-01   2.1681438e+02
   9.9480000e-01   2.1681430e+02
   9.9490000e-01   2.1681423e+02
   9.9500000e-01   2.1681412e+02
   9.9510000e-01   2.1681398e+02
   9.9520000e-01   2.1681381e+02
   9.9530000e-01   2.1681363e+02
   9.9540000e-01   2.1681344e+02
   9.9550000e-01   2.1681324e+02
   9.9560000e-01   2.1681302e+02
   9.9570000e-01   2.1681281e+02
   9.9580000e-01   2.1681258e+02
   9.9590000e-01   2.1681235e+02
   9.9600000e-01   2.1681211e+02
   9.9610000e-01   2.1681186e+02
   9.9620000e-01   2.1681162e+02
   9.9630000e-01   2.1681148e+02
   9.9640000e-01   2.1681103e+02
   9.9650000e-01   2.1681247e+02
   9.9660000e-01   2.1681352e+02
   9.9670000e-01   2.1681429e+02
   9.9680000e-01   2.1681487e+02
   9.9690000e-01   2.1681531e+02
   9.9700000e-01   2.1681502e+02
   9.9710000e-01   2.1681554e+02
   9.9720000e-01   2.1681586e+02
   9.9730000e-01   2.1681610e+02
   9.9740000e-01   2.1681625e+02
   9.9750000e-01   2.1681634e+02
   9.9760000e-01   2.1681641e+02
   9.9770000e-01   2.1681646e+02
   9.9780000e-01   2.1681650e+02
   9.9790000e-01   2.1682103e+02
   9.9800000e-01   2.1683834e+02
   9.9810000e-01   2.1685767e+02
   9.9820000e-01   2.1687691e+02
   9.9830000e-01   2.1689610e+02
   9.9840000e-01   2.1691525e+02
   9.9850000e-01   2.1693442e+02
   9.9860000e-01   2.1695362e+02
   9.9870000e-01   2.1697289e+02
   9.9880000e-01   2.1699224e+02
   9.9890000e-01   2.1701175e+02
   9.9900000e-01   2.1703143e+02
   9.9910000e-01   2.1705126e+02
   9.9920000e-01   2.1707121e+02
   9.9930000e-01   2.1709124e+02
   9.9940000e-01   2.1711128e+02
   9.9950000e-01   2.1713065e+02
   9.9960000e-01   2.1711747e+02
   9.9970000e-01   2.1706547e+02
   9.9980000e-01   2.1699330e+02
   9.9990000e-01   2.1694588e+02
